4.234340555555557017e+01
-7.109196944444444455e+01
1.500000000000000000e+01
3.276790828705637832e+05
4.690024763058478013e+06
4.234339722222221525e+01
-7.109197222222221058e+01
1.519999999999999929e+01
3.276788312805247260e+05
4.690023843334301375e+06
4.234336666666667526e+01
-7.109196666666666431e+01
1.390000000000000036e+01
3.276792054437299957e+05
4.690020439108895138e+06
4.234335000000000093e+01
-7.109196666666666431e+01
1.319999999999999929e+01
3.276791599084113259e+05
4.690018588400516659e+06
4.234334166666667443e+01
-7.109196944444444455e+01
1.259999999999999964e+01
3.276789083182254108e+05
4.690017668676342815e+06
4.234334166666667443e+01
-7.109198055555556550e+01
1.300000000000000000e+01
3.276779930280984263e+05
4.690017691196465865e+06
4.234333888888889419e+01
-7.109198611111109756e+01
1.369999999999999929e+01
3.276775277937479550e+05
4.690017394005174749e+06
4.234334444444443335e+01
-7.109199722222220430e+01
1.409999999999999964e+01
3.276766276822384680e+05
4.690018033428267576e+06
4.234334722222222069e+01
-7.109200833333331104e+01
1.419999999999999929e+01
3.276757199815217173e+05
4.690018364400087856e+06
4.234334444444443335e+01
-7.109201666666666597e+01
1.350000000000000000e+01
3.276750259245843627e+05
4.690018072839086875e+06
4.234334444444443335e+01
-7.109202222222221224e+01
1.350000000000000000e+01
3.276745682795387693e+05
4.690018084099387750e+06
4.234333611111110685e+01
-7.109201944444444621e+01
1.309999999999999964e+01
3.276747743338352302e+05
4.690017153115044348e+06
4.234334722222222069e+01
-7.109202499999999247e+01
1.230000000000000071e+01
3.276743470464458223e+05
4.690018398180947639e+06
4.234335000000000093e+01
-7.109202777777777271e+01
1.290000000000000036e+01
3.276741258133754018e+05
4.690018712262514047e+06
4.234334166666667443e+01
-7.109202222222221224e+01
1.309999999999999964e+01
3.276745606901196297e+05
4.690017775647993200e+06
4.234333055555556768e+01
-7.109201944444444621e+01
1.300000000000000000e+01
3.276747591550197685e+05
4.690016536212253384e+06
4.234333333333332661e+01
-7.109202222222221224e+01
1.319999999999999929e+01
3.276745379218640737e+05
4.690016850293801166e+06
4.234333333333332661e+01
-7.109202777777777271e+01
1.359999999999999964e+01
3.276740802767397836e+05
4.690016861554131843e+06
4.234335000000000093e+01
-7.109203611111109922e+01
1.400000000000000000e+01
3.276734393458691193e+05
4.690018729153066874e+06
4.234335277777778828e+01
-7.109203888888887946e+01
1.450000000000000000e+01
3.276732181128473021e+05
4.690019043234664015e+06
4.234335555555556851e+01
-7.109204444444445414e+01
1.500000000000000000e+01
3.276727680573633406e+05
4.690019362946483307e+06
4.234335000000000093e+01
-7.109204444444445414e+01
1.530000000000000071e+01
3.276727528783604503e+05
4.690018746043687686e+06
4.234334444444443335e+01
-7.109204444444445414e+01
1.559999999999999964e+01
3.276727376993591897e+05
4.690018129140892066e+06
4.234334444444443335e+01
-7.109204166666667390e+01
1.559999999999999964e+01
3.276729665218823357e+05
4.690018123510677367e+06
4.234334166666667443e+01
-7.109202777777777271e+01
1.559999999999999964e+01
3.276741030450558173e+05
4.690017786908323877e+06
4.234333888888889419e+01
-7.109200833333331104e+01
1.559999999999999964e+01
3.276756972134151729e+05
4.690017439045899548e+06
4.234334444444443335e+01
-7.109199999999999875e+01
1.550000000000000000e+01
3.276763988597159041e+05
4.690018039058362134e+06
4.234335833333332744e+01
-7.109199722222220430e+01
1.530000000000000071e+01
3.276766656288870727e+05
4.690019575685252436e+06
4.234336111111110768e+01
-7.109198888888887780e+01
1.530000000000000071e+01
3.276773596855995129e+05
4.690019867246408947e+06
4.234335833333332744e+01
-7.109197777777777105e+01
1.530000000000000071e+01
3.276782673861841322e+05
4.690019536274798214e+06
4.234336111111110768e+01
-7.109196666666666431e+01
1.530000000000000071e+01
3.276791902652888093e+05
4.690019822206100449e+06
4.234336666666667526e+01
-7.109195833333332359e+01
1.500000000000000000e+01
3.276798919110518182e+05
4.690020422218902037e+06
4.234336388888889502e+01
-7.109194166666667059e+01
1.469999999999999929e+01
3.276812572565622977e+05
4.690020079987724312e+06
4.234336666666667526e+01
-7.109193055555556384e+01
1.430000000000000071e+01
3.276821801354539930e+05
4.690020365919413045e+06
4.234336388888889502e+01
-7.109191388888888241e+01
1.369999999999999929e+01
3.276835454810672672e+05
4.690020023688684218e+06
4.234336111111110768e+01
-7.109189444444444916e+01
1.330000000000000071e+01
3.276851396492569475e+05
4.690019675828404725e+06
4.234335555555556851e+01
-7.109187499999998749e+01
1.300000000000000000e+01
3.276867262287040357e+05
4.690019019517101347e+06
4.234335833333332744e+01
-7.109186111111110051e+01
1.280000000000000071e+01
3.276878779299377929e+05
4.690019299819779582e+06
4.234337222222222152e+01
-7.109184999999999377e+01
1.219999999999999929e+01
3.276888311637996230e+05
4.690020819557916373e+06
4.234338055555556934e+01
-7.109183611111110679e+01
1.209999999999999964e+01
3.276899980421378277e+05
4.690021716763722710e+06
4.234339166666667609e+01
-7.109182777777778028e+01
1.190000000000000036e+01
3.276907148641829845e+05
4.690022933680363931e+06
4.234340833333332910e+01
-7.109178888888888537e+01
1.140000000000000036e+01
3.276939639085317031e+05
4.690024705574575812e+06
4.234341944444443584e+01
-7.109175555555556514e+01
1.100000000000000000e+01
3.276967401298170444e+05
4.690025871826327406e+06
4.234342222222221608e+01
-7.109172499999999673e+01
1.080000000000000071e+01
3.276992647628745763e+05
4.690026118354324251e+06
4.234343055555557100e+01
-7.109168333333332157e+01
1.030000000000000071e+01
3.277027198610088672e+05
4.690026959268970415e+06
4.234343055555557100e+01
-7.109165277777778158e+01
1.000000000000000000e+01
3.277052369052561698e+05
4.690026897347710095e+06
4.234343055555557100e+01
-7.109161944444444714e+01
9.500000000000000000e+00
3.277079827717076987e+05
4.690026829798275605e+06
4.234343055555557100e+01
-7.109158888888887873e+01
9.000000000000000000e+00
3.277104998159474926e+05
4.690026767878908664e+06
4.234342500000000342e+01
-7.109156388888888500e+01
8.500000000000000000e+00
3.277125440402447712e+05
4.690026100315497257e+06
4.234341944444443584e+01
-7.109154722222220357e+01
8.000000000000000000e+00
3.277139017981719226e+05
4.690025449639297090e+06
4.234341111111110934e+01
-7.109152499999999009e+01
7.500000000000000000e+00
3.277157096132434090e+05
4.690024479254326783e+06
4.234340555555557017e+01
-7.109149999999999636e+01
6.900000000000000355e+00
3.277177538386359811e+05
4.690023811692473479e+06
4.234340000000000259e+01
-7.109147777777776867e+01
6.299999999999999822e+00
3.277195692420786945e+05
4.690023149759914726e+06
4.234343611111111016e+01
-7.109149166666666986e+01
4.700000000000000178e+00
3.277185237680565333e+05
4.690027187771545723e+06
4.234346666666667858e+01
-7.109149999999999636e+01
3.399999999999999911e+00
3.277179207644384587e+05
4.690030597623084672e+06
4.234348888888889206e+01
-7.109150277777777660e+01
2.399999999999999911e+00
3.277177526427878765e+05
4.690033070862988941e+06
4.234348611111111182e+01
-7.109150277777777660e+01
2.299999999999999822e+00
3.277177450552338269e+05
4.690032762411594391e+06
4.234348611111111182e+01
-7.109150277777777660e+01
2.299999999999999822e+00
3.277177450552338269e+05
4.690032762411594391e+06
4.234348611111111182e+01
-7.109150277777777660e+01
2.299999999999999822e+00
3.277177450552338269e+05
4.690032762411594391e+06
4.234348611111111182e+01
-7.109150277777777660e+01
2.299999999999999822e+00
3.277177450552338269e+05
4.690032762411594391e+06
4.234348611111111182e+01
-7.109150277777777660e+01
2.299999999999999822e+00
3.277177450552338269e+05
4.690032762411594391e+06
4.234348611111111182e+01
-7.109150277777777660e+01
2.299999999999999822e+00
3.277177450552338269e+05
4.690032762411594391e+06
4.234348611111111182e+01
-7.109150277777777660e+01
2.299999999999999822e+00
3.277177450552338269e+05
4.690032762411594391e+06
4.234349722222221857e+01
-7.109149722222220191e+01
1.300000000000000044e+00
3.277182330493743066e+05
4.690033984959662892e+06
4.234349722222221857e+01
-7.109149722222220191e+01
1.300000000000000044e+00
3.277182330493743066e+05
4.690033984959662892e+06
4.234349722222221857e+01
-7.109149722222220191e+01
1.300000000000000044e+00
3.277182330493743066e+05
4.690033984959662892e+06
4.234349722222221857e+01
-7.109149722222220191e+01
1.300000000000000044e+00
3.277182330493743066e+05
4.690033984959662892e+06
4.234350555555556639e+01
-7.109149166666666986e+01
4.000000000000000222e-01
3.277187134558390244e+05
4.690034899056370370e+06
4.234351111111111265e+01
-7.109148333333331493e+01
-2.000000000000000111e-01
3.277194150966033340e+05
4.690035499072995968e+06
4.234351111111111265e+01
-7.109148333333331493e+01
-2.000000000000000111e-01
3.277194150966033340e+05
4.690035499072995968e+06
4.234351944444443205e+01
-7.109148055555556311e+01
-6.999999999999999556e-01
3.277196666809436865e+05
4.690036418798473664e+06
4.234351944444443205e+01
-7.109148055555556311e+01
-6.999999999999999556e-01
3.277196666809436865e+05
4.690036418798473664e+06
4.234352777777778698e+01
-7.109147777777776867e+01
-1.199999999999999956e+00
3.277199182652315358e+05
4.690037338523961604e+06
4.234353333333332614e+01
-7.109147222222220819e+01
-1.600000000000000089e+00
3.277203910838273005e+05
4.690037944169376977e+06
4.234353333333332614e+01
-7.109147499999998843e+01
-1.600000000000000089e+00
3.277201622620000271e+05
4.690037949798060581e+06
4.234353333333332614e+01
-7.109147499999998843e+01
-1.600000000000000089e+00
3.277201622620000271e+05
4.690037949798060581e+06
4.234353333333332614e+01
-7.109147499999998843e+01
-1.600000000000000089e+00
3.277201622620000271e+05
4.690037949798060581e+06
4.234353333333332614e+01
-7.109147499999998843e+01
-1.600000000000000089e+00
3.277201622620000271e+05
4.690037949798060581e+06
4.234353333333332614e+01
-7.109147499999998843e+01
-1.600000000000000089e+00
3.277201622620000271e+05
4.690037949798060581e+06
4.234353333333332614e+01
-7.109147499999998843e+01
-1.600000000000000089e+00
3.277201622620000271e+05
4.690037949798060581e+06
4.234353333333332614e+01
-7.109147499999998843e+01
-1.600000000000000089e+00
3.277201622620000271e+05
4.690037949798060581e+06
4.234353333333332614e+01
-7.109147499999998843e+01
-1.600000000000000089e+00
3.277201622620000271e+05
4.690037949798060581e+06
4.234353333333332614e+01
-7.109146666666666192e+01
-1.899999999999999911e+00
3.277208487274837680e+05
4.690037932912032120e+06
4.234353333333332614e+01
-7.109146111111110145e+01
-2.299999999999999822e+00
3.277213063711422146e+05
4.690037921654717065e+06
4.234353611111111348e+01
-7.109146111111110145e+01
-2.700000000000000178e+00
3.277213139585519675e+05
4.690038230106113479e+06
4.234353888888889372e+01
-7.109145277777777494e+01
-2.899999999999999911e+00
3.277220080113847507e+05
4.690038521671594121e+06
4.234353888888889372e+01
-7.109144166666666820e+01
-1.699999999999999956e+00
3.277229232986179413e+05
4.690038499157142825e+06
4.234354166666667396e+01
-7.109143611111109351e+01
-9.000000000000000222e-01
3.277233885295550572e+05
4.690038796351358294e+06
4.234354444444443288e+01
-7.109143333333331327e+01
-1.000000000000000056e-01
3.277236249386635609e+05
4.690039099174173549e+06
4.234355277777778781e+01
-7.109143333333331327e+01
8.000000000000000444e-01
3.277236477005961933e+05
4.690040024528361857e+06
4.234356111111110721e+01
-7.109143333333331327e+01
4.000000000000000222e-01
3.277236704625323764e+05
4.690040949882546440e+06
4.234356944444443371e+01
-7.109143611111109351e+01
0.000000000000000000e+00
3.277234644027745817e+05
4.690041880865315907e+06
4.234357500000000130e+01
-7.109143611111109351e+01
-2.999999999999999889e-01
3.277234795774233644e+05
4.690042497768109664e+06
4.234358888888889538e+01
-7.109144166666666820e+01
5.999999999999999778e-01
3.277230598707982572e+05
4.690044051282278262e+06
4.234360277777778236e+01
-7.109145277777777494e+01
1.500000000000000000e+00
3.277221825212333351e+05
4.690045616053720005e+06
4.234360833333332863e+01
-7.109145833333332121e+01
2.299999999999999822e+00
3.277217400529035367e+05
4.690046244213789701e+06
4.234361388888889621e+01
-7.109146944444445637e+01
3.200000000000000178e+00
3.277208399415784515e+05
4.690046883631224744e+06
4.234361388888889621e+01
-7.109147777777776867e+01
4.000000000000000000e+00
3.277201534769722493e+05
4.690046900517280214e+06
4.234361666666667645e+01
-7.109148333333331493e+01
4.799999999999999822e+00
3.277197034214006271e+05
4.690047220226086676e+06
4.234360833333332863e+01
-7.109147499999998843e+01
4.799999999999999822e+00
3.277203671235663933e+05
4.690046277985787019e+06
4.234361111111110887e+01
-7.109147222222220819e+01
4.700000000000000178e+00
3.277206035325823468e+05
4.690046580808502622e+06
4.234360555555556971e+01
-7.109146944444445637e+01
4.700000000000000178e+00
3.277208171792256762e+05
4.690045958277028054e+06
4.234360277777778236e+01
-7.109146944444445637e+01
4.900000000000000355e+00
3.277208095917755272e+05
4.690045649825627916e+06
4.234360555555556971e+01
-7.109146944444445637e+01
4.700000000000000178e+00
3.277208171792256762e+05
4.690045958277028054e+06
4.234360833333332863e+01
-7.109146666666666192e+01
4.400000000000000355e+00
3.277210535882330732e+05
4.690046261099754833e+06
4.234360833333332863e+01
-7.109146944444445637e+01
4.400000000000000355e+00
3.277208247666761745e+05
4.690046266728424467e+06
4.234360555555556971e+01
-7.109146666666666192e+01
4.099999999999999645e+00
3.277210460007927031e+05
4.690045952648357488e+06
4.234360833333332863e+01
-7.109146388888888168e+01
3.799999999999999822e+00
3.277212824097899720e+05
4.690046255471092649e+06
4.234361944444443537e+01
-7.109145833333332121e+01
3.000000000000000000e+00
3.277217704025483690e+05
4.690047478019385599e+06
4.234362222222221561e+01
-7.109144999999999470e+01
2.299999999999999822e+00
3.277224644544752082e+05
4.690047769584886730e+06
4.234362777777778319e+01
-7.109144444444444844e+01
1.699999999999999956e+00
3.277229372722103726e+05
4.690048375230458565e+06
4.234362777777778319e+01
-7.109143611111109351e+01
1.000000000000000000e+00
3.277236237366681453e+05
4.690048358344671316e+06
4.234362777777778319e+01
-7.109143333333331327e+01
1.000000000000000000e+00
3.277238525581539143e+05
4.690048352716091089e+06
4.234363055555557054e+01
-7.109143888888888796e+01
9.000000000000000222e-01
3.277234025025229785e+05
4.690048672424660996e+06
4.234363611111110970e+01
-7.109144444444444844e+01
9.000000000000000222e-01
3.277229600343005732e+05
4.690049300584657118e+06
4.234363888888889704e+01
-7.109145277777777494e+01
6.999999999999999556e-01
3.277222811573298532e+05
4.690049625921912491e+06
4.234363333333332946e+01
-7.109146111111110145e+01
5.000000000000000000e-01
3.277215795181475114e+05
4.690049025905030780e+06
4.234362777777778319e+01
-7.109146111111110145e+01
2.000000000000000111e-01
3.277215643433000660e+05
4.690048409002233297e+06
4.234362500000000296e+01
-7.109146666666666192e+01
0.000000000000000000e+00
3.277210991128842579e+05
4.690048111808151007e+06
4.234362777777778319e+01
-7.109147222222220819e+01
-2.000000000000000111e-01
3.277206490573571064e+05
4.690048431516899727e+06
4.234363333333332946e+01
-7.109148055555556311e+01
-2.999999999999999889e-01
3.277199777678864775e+05
4.690049065305776894e+06
4.234362777777778319e+01
-7.109148333333331493e+01
-5.000000000000000000e-01
3.277197337714134483e+05
4.690048454031685367e+06
4.234362500000000296e+01
-7.109148611111109517e+01
-5.999999999999999778e-01
3.277194973624150152e+05
4.690048151209000498e+06
4.234363055555557054e+01
-7.109149444444445010e+01
-9.000000000000000222e-01
3.277188260730137117e+05
4.690048784997994080e+06
4.234363055555557054e+01
-7.109149166666666986e+01
-8.000000000000000444e-01
3.277190548944881884e+05
4.690048779369255528e+06
4.234363055555557054e+01
-7.109149166666666986e+01
-8.000000000000000444e-01
3.277190548944881884e+05
4.690048779369255528e+06
4.234363055555557054e+01
-7.109149166666666986e+01
-8.000000000000000444e-01
3.277190548944881884e+05
4.690048779369255528e+06
4.234363055555557054e+01
-7.109149166666666986e+01
-8.000000000000000444e-01
3.277190548944881884e+05
4.690048779369255528e+06
4.234363333333332946e+01
-7.109149166666666986e+01
-1.600000000000000089e+00
3.277190624820230296e+05
4.690049087820652872e+06
4.234363333333332946e+01
-7.109148611111109517e+01
-2.100000000000000089e+00
3.277195201249580132e+05
4.690049076563199982e+06
4.234362222222221561e+01
-7.109147499999998843e+01
-2.700000000000000178e+00
3.277204050609259866e+05
4.690047820242784917e+06
4.234361111111110887e+01
-7.109146111111110145e+01
-3.399999999999999911e+00
3.277215188187675085e+05
4.690046558293836191e+06
4.234359444444443454e+01
-7.109144444444444844e+01
-4.099999999999999645e+00
3.277228462238860084e+05
4.690044673813672736e+06
4.234358055555556888e+01
-7.109142777777778122e+01
-4.599999999999999645e+00
3.277241812170436024e+05
4.690043097785186954e+06
4.234356111111110721e+01
-7.109141388888888002e+01
-4.900000000000000355e+00
3.277252722146206070e+05
4.690040910482699983e+06
4.234354166666667396e+01
-7.109140277777777328e+01
-5.200000000000000178e+00
3.277261343911247095e+05
4.690038728808904998e+06
4.234352777777778698e+01
-7.109139444444444678e+01
-5.400000000000000355e+00
3.277267829206809402e+05
4.690037169666488655e+06
4.234351666666668024e+01
-7.109139166666666654e+01
-5.599999999999999645e+00
3.277269813939066953e+05
4.690035930232450366e+06
4.234350555555556639e+01
-7.109138888888888630e+01
-5.900000000000000355e+00
3.277271798672174918e+05
4.690034690798418596e+06
4.234349999999999881e+01
-7.109139166666666654e+01
-6.099999999999999645e+00
3.277269358709848020e+05
4.690034079524090514e+06
4.234350555555556639e+01
-7.109139166666666654e+01
-6.099999999999999645e+00
3.277269510452905088e+05
4.690034696426877752e+06
4.234350555555556639e+01
-7.109139166666666654e+01
-6.099999999999999645e+00
3.277269510452905088e+05
4.690034696426877752e+06
4.234350555555556639e+01
-7.109139166666666654e+01
-6.099999999999999645e+00
3.277269510452905088e+05
4.690034696426877752e+06
4.234350555555556639e+01
-7.109139166666666654e+01
-6.099999999999999645e+00
3.277269510452905088e+05
4.690034696426877752e+06
4.234350555555556639e+01
-7.109139166666666654e+01
-6.099999999999999645e+00
3.277269510452905088e+05
4.690034696426877752e+06
4.234350555555556639e+01
-7.109139166666666654e+01
-6.099999999999999645e+00
3.277269510452905088e+05
4.690034696426877752e+06
4.234350555555556639e+01
-7.109139166666666654e+01
-6.099999999999999645e+00
3.277269510452905088e+05
4.690034696426877752e+06
4.234350555555556639e+01
-7.109139166666666654e+01
-6.099999999999999645e+00
3.277269510452905088e+05
4.690034696426877752e+06
4.234350277777778615e+01
-7.109139166666666654e+01
-6.099999999999999645e+00
3.277269434581374517e+05
4.690034387975485064e+06
4.234350277777778615e+01
-7.109139166666666654e+01
-6.099999999999999645e+00
3.277269434581374517e+05
4.690034387975485064e+06
4.234350277777778615e+01
-7.109139166666666654e+01
-6.099999999999999645e+00
3.277269434581374517e+05
4.690034387975485064e+06
4.234350277777778615e+01
-7.109139166666666654e+01
-6.099999999999999645e+00
3.277269434581374517e+05
4.690034387975485064e+06
4.234350277777778615e+01
-7.109139166666666654e+01
-6.099999999999999645e+00
3.277269434581374517e+05
4.690034387975485064e+06
4.234350277777778615e+01
-7.109139166666666654e+01
-6.099999999999999645e+00
3.277269434581374517e+05
4.690034387975485064e+06
4.234350277777778615e+01
-7.109139166666666654e+01
-6.099999999999999645e+00
3.277269434581374517e+05
4.690034387975485064e+06
4.234350555555556639e+01
-7.109139166666666654e+01
-6.000000000000000000e+00
3.277269510452905088e+05
4.690034696426877752e+06
4.234355833333332697e+01
-7.109144722222221446e+01
1.500000000000000000e+00
3.277225187665313715e+05
4.690040669574122876e+06
4.234360000000000213e+01
-7.109148888888888962e+01
7.299999999999999822e+00
3.277192002532186452e+05
4.690045380775128491e+06
4.234363333333332946e+01
-7.109151944444444382e+01
1.190000000000000036e+01
3.277167742673650500e+05
4.690049144108367153e+06
4.234366111111111053e+01
-7.109154722222220357e+01
1.559999999999999964e+01
3.277145619300920516e+05
4.690052284910854883e+06
4.234368333333332401e+01
-7.109156944444444548e+01
1.869999999999999929e+01
3.277127920617503114e+05
4.690054797553396784e+06
4.234368055555557220e+01
-7.109156944444444548e+01
1.869999999999999929e+01
3.277127844739257125e+05
4.690054489101994783e+06
4.234368055555557220e+01
-7.109156944444444548e+01
1.869999999999999929e+01
3.277127844739257125e+05
4.690054489101994783e+06
4.234368055555557220e+01
-7.109156944444444548e+01
1.880000000000000071e+01
3.277127844739257125e+05
4.690054489101994783e+06
4.234368055555557220e+01
-7.109156944444444548e+01
1.880000000000000071e+01
3.277127844739257125e+05
4.690054489101994783e+06
4.234368055555557220e+01
-7.109157222222221151e+01
1.880000000000000071e+01
3.277125556526296423e+05
4.690054494730943814e+06
4.234368055555557220e+01
-7.109157222222221151e+01
1.880000000000000071e+01
3.277125556526296423e+05
4.690054494730943814e+06
4.234368055555557220e+01
-7.109157222222221151e+01
1.889999999999999858e+01
3.277125556526296423e+05
4.690054494730943814e+06
4.234368055555557220e+01
-7.109157222222221151e+01
1.889999999999999858e+01
3.277125556526296423e+05
4.690054494730943814e+06
4.234368055555557220e+01
-7.109157222222221151e+01
1.889999999999999858e+01
3.277125556526296423e+05
4.690054494730943814e+06
4.234368055555557220e+01
-7.109157222222221151e+01
1.889999999999999858e+01
3.277125556526296423e+05
4.690054494730943814e+06
4.234368055555557220e+01
-7.109157222222221151e+01
1.889999999999999858e+01
3.277125556526296423e+05
4.690054494730943814e+06
4.234368611111111136e+01
-7.109158055555555222e+01
2.089999999999999858e+01
3.277118843644738081e+05
4.690055128520641476e+06
4.234369166666667894e+01
-7.109158333333331825e+01
2.250000000000000000e+01
3.277116707189521403e+05
4.690055751052429900e+06
4.234368888888889160e+01
-7.109158333333331825e+01
2.250000000000000000e+01
3.277116631310757948e+05
4.690055442601024173e+06
4.234368611111111136e+01
-7.109158888888887873e+01
2.389999999999999858e+01
3.277111979006477050e+05
4.690055145407598466e+06
4.234368611111111136e+01
-7.109159166666667318e+01
2.510000000000000142e+01
3.277109690793715417e+05
4.690055151036599651e+06
4.234368611111111136e+01
-7.109159444444445342e+01
2.619999999999999929e+01
3.277107402580953785e+05
4.690055156665607356e+06
4.234368888888889160e+01
-7.109159444444445342e+01
2.719999999999999929e+01
3.277107478460116545e+05
4.690055465117011219e+06
4.234368888888889160e+01
-7.109159722222220523e+01
2.710000000000000142e+01
3.277105190247497521e+05
4.690055470746027306e+06
4.234368888888889160e+01
-7.109160277777777992e+01
2.800000000000000000e+01
3.277100613822173327e+05
4.690055482004080899e+06
4.234369166666667894e+01
-7.109160277777777992e+01
2.880000000000000071e+01
3.277100689701643423e+05
4.690055790455487557e+06
4.234368888888889160e+01
-7.109159999999998547e+01
2.939999999999999858e+01
3.277102902034835424e+05
4.690055476375049911e+06
4.234368611111111136e+01
-7.109159999999998547e+01
3.010000000000000142e+01
3.277102826155471266e+05
4.690055167923646048e+06
4.234368333333332401e+01
-7.109159722222220523e+01
3.010000000000000142e+01
3.277105038488974096e+05
4.690054853843215853e+06
4.234368333333332401e+01
-7.109159722222220523e+01
3.010000000000000142e+01
3.277105038488974096e+05
4.690054853843215853e+06
4.234368333333332401e+01
-7.109159999999998547e+01
3.010000000000000142e+01
3.277102750276110601e+05
4.690054859472239390e+06
4.234368333333332401e+01
-7.109159999999998547e+01
3.010000000000000142e+01
3.277102750276110601e+05
4.690054859472239390e+06
4.234368333333332401e+01
-7.109159999999998547e+01
3.010000000000000142e+01
3.277102750276110601e+05
4.690054859472239390e+06
4.234368333333332401e+01
-7.109159999999998547e+01
3.010000000000000142e+01
3.277102750276110601e+05
4.690054859472239390e+06
4.234368333333332401e+01
-7.109159999999998547e+01
3.010000000000000142e+01
3.277102750276110601e+05
4.690054859472239390e+06
4.234368333333332401e+01
-7.109159999999998547e+01
3.010000000000000142e+01
3.277102750276110601e+05
4.690054859472239390e+06
4.234368333333332401e+01
-7.109159999999998547e+01
3.010000000000000142e+01
3.277102750276110601e+05
4.690054859472239390e+06
4.234368333333332401e+01
-7.109159999999998547e+01
3.010000000000000142e+01
3.277102750276110601e+05
4.690054859472239390e+06
4.234368333333332401e+01
-7.109159999999998547e+01
3.010000000000000142e+01
3.277102750276110601e+05
4.690054859472239390e+06
4.234368333333332401e+01
-7.109159999999998547e+01
3.019999999999999929e+01
3.277102750276110601e+05
4.690054859472239390e+06
4.234368333333332401e+01
-7.109159999999998547e+01
3.019999999999999929e+01
3.277102750276110601e+05
4.690054859472239390e+06
4.234368333333332401e+01
-7.109159999999998547e+01
3.019999999999999929e+01
3.277102750276110601e+05
4.690054859472239390e+06
4.234368333333332401e+01
-7.109159999999998547e+01
3.019999999999999929e+01
3.277102750276110601e+05
4.690054859472239390e+06
4.234368055555557220e+01
-7.109159722222220523e+01
3.069999999999999929e+01
3.277104962609718787e+05
4.690054545391813852e+06
4.234368055555557220e+01
-7.109159722222220523e+01
3.069999999999999929e+01
3.277104962609718787e+05
4.690054545391813852e+06
4.234368055555557220e+01
-7.109159722222220523e+01
3.069999999999999929e+01
3.277104962609718787e+05
4.690054545391813852e+06
4.234368055555557220e+01
-7.109159722222220523e+01
3.069999999999999929e+01
3.277104962609718787e+05
4.690054545391813852e+06
4.234368055555557220e+01
-7.109159722222220523e+01
3.080000000000000071e+01
3.277104962609718787e+05
4.690054545391813852e+06
4.234368055555557220e+01
-7.109159722222220523e+01
3.080000000000000071e+01
3.277104962609718787e+05
4.690054545391813852e+06
4.234368055555557220e+01
-7.109159722222220523e+01
3.080000000000000071e+01
3.277104962609718787e+05
4.690054545391813852e+06
4.234368055555557220e+01
-7.109159722222220523e+01
3.080000000000000071e+01
3.277104962609718787e+05
4.690054545391813852e+06
4.234368055555557220e+01
-7.109159722222220523e+01
3.080000000000000071e+01
3.277104962609718787e+05
4.690054545391813852e+06
4.234368055555557220e+01
-7.109159722222220523e+01
3.080000000000000071e+01
3.277104962609718787e+05
4.690054545391813852e+06
4.234368055555557220e+01
-7.109159722222220523e+01
3.080000000000000071e+01
3.277104962609718787e+05
4.690054545391813852e+06
4.234368055555557220e+01
-7.109159722222220523e+01
3.080000000000000071e+01
3.277104962609718787e+05
4.690054545391813852e+06
4.234368055555557220e+01
-7.109159722222220523e+01
3.080000000000000071e+01
3.277104962609718787e+05
4.690054545391813852e+06
4.234368055555557220e+01
-7.109159999999998547e+01
3.080000000000000071e+01
3.277102674396755174e+05
4.690054551020837389e+06
4.234368055555557220e+01
-7.109159999999998547e+01
3.080000000000000071e+01
3.277102674396755174e+05
4.690054551020837389e+06
4.234368055555557220e+01
-7.109159999999998547e+01
3.080000000000000071e+01
3.277102674396755174e+05
4.690054551020837389e+06
4.234368055555557220e+01
-7.109159999999998547e+01
3.080000000000000071e+01
3.277102674396755174e+05
4.690054551020837389e+06
4.234368055555557220e+01
-7.109159999999998547e+01
3.080000000000000071e+01
3.277102674396755174e+05
4.690054551020837389e+06
4.234368055555557220e+01
-7.109159999999998547e+01
3.080000000000000071e+01
3.277102674396755174e+05
4.690054551020837389e+06
4.234368055555557220e+01
-7.109159999999998547e+01
3.080000000000000071e+01
3.277102674396755174e+05
4.690054551020837389e+06
4.234368055555557220e+01
-7.109159999999998547e+01
3.080000000000000071e+01
3.277102674396755174e+05
4.690054551020837389e+06
4.234368055555557220e+01
-7.109159999999998547e+01
3.089999999999999858e+01
3.277102674396755174e+05
4.690054551020837389e+06
4.234368055555557220e+01
-7.109159999999998547e+01
3.089999999999999858e+01
3.277102674396755174e+05
4.690054551020837389e+06
4.234368055555557220e+01
-7.109159999999998547e+01
3.089999999999999858e+01
3.277102674396755174e+05
4.690054551020837389e+06
4.234368055555557220e+01
-7.109159999999998547e+01
3.089999999999999858e+01
3.277102674396755174e+05
4.690054551020837389e+06
4.234368055555557220e+01
-7.109159999999998547e+01
3.089999999999999858e+01
3.277102674396755174e+05
4.690054551020837389e+06
4.234368333333332401e+01
-7.109159999999998547e+01
3.089999999999999858e+01
3.277102750276110601e+05
4.690054859472239390e+06
4.234368333333332401e+01
-7.109159999999998547e+01
3.089999999999999858e+01
3.277102750276110601e+05
4.690054859472239390e+06
4.234368333333332401e+01
-7.109159999999998547e+01
3.089999999999999858e+01
3.277102750276110601e+05
4.690054859472239390e+06
4.234368333333332401e+01
-7.109159999999998547e+01
3.089999999999999858e+01
3.277102750276110601e+05
4.690054859472239390e+06
4.234368333333332401e+01
-7.109159999999998547e+01
3.089999999999999858e+01
3.277102750276110601e+05
4.690054859472239390e+06
4.234368333333332401e+01
-7.109159999999998547e+01
3.100000000000000000e+01
3.277102750276110601e+05
4.690054859472239390e+06
4.234368333333332401e+01
-7.109159999999998547e+01
3.100000000000000000e+01
3.277102750276110601e+05
4.690054859472239390e+06
4.234368333333332401e+01
-7.109159999999998547e+01
3.100000000000000000e+01
3.277102750276110601e+05
4.690054859472239390e+06
4.234368333333332401e+01
-7.109159999999998547e+01
3.100000000000000000e+01
3.277102750276110601e+05
4.690054859472239390e+06
4.234368333333332401e+01
-7.109159999999998547e+01
3.100000000000000000e+01
3.277102750276110601e+05
4.690054859472239390e+06
4.234368333333332401e+01
-7.109159999999998547e+01
3.100000000000000000e+01
3.277102750276110601e+05
4.690054859472239390e+06
4.234368333333332401e+01
-7.109159999999998547e+01
3.110000000000000142e+01
3.277102750276110601e+05
4.690054859472239390e+06
4.234368333333332401e+01
-7.109160277777777992e+01
3.110000000000000142e+01
3.277100462063247105e+05
4.690054865101269446e+06
4.234368333333332401e+01
-7.109160277777777992e+01
3.110000000000000142e+01
3.277100462063247105e+05
4.690054865101269446e+06
4.234368333333332401e+01
-7.109160277777777992e+01
3.110000000000000142e+01
3.277100462063247105e+05
4.690054865101269446e+06
4.234369722222221810e+01
-7.109161388888888666e+01
3.239999999999999858e+01
3.277091688611173304e+05
4.690056429874495603e+06
4.234370000000000545e+01
-7.109161666666666690e+01
3.339999999999999858e+01
3.277089476278799120e+05
4.690056743954970501e+06
4.234370000000000545e+01
-7.109161944444444714e+01
3.339999999999999858e+01
3.277087188066558447e+05
4.690056749584045261e+06
4.234370000000000545e+01
-7.109162777777777364e+01
3.439999999999999858e+01
3.277080323429773562e+05
4.690056766471317969e+06
4.234370555555556592e+01
-7.109163333333331991e+01
3.539999999999999858e+01
3.277075898766486207e+05
4.690057394632349722e+06
4.234370555555556592e+01
-7.109163333333331991e+01
3.529999999999999716e+01
3.277075898766486207e+05
4.690057394632349722e+06
4.234370555555556592e+01
-7.109163333333331991e+01
3.529999999999999716e+01
3.277075898766486207e+05
4.690057394632349722e+06
4.234370555555556592e+01
-7.109163333333331991e+01
3.529999999999999716e+01
3.277075898766486207e+05
4.690057394632349722e+06
4.234370555555556592e+01
-7.109163333333331991e+01
3.529999999999999716e+01
3.277075898766486207e+05
4.690057394632349722e+06
4.234370833333332484e+01
-7.109163611111110015e+01
3.589999999999999858e+01
3.277073686435128329e+05
4.690057708712874912e+06
4.234370833333332484e+01
-7.109163611111110015e+01
3.589999999999999858e+01
3.277073686435128329e+05
4.690057708712874912e+06
4.234370833333332484e+01
-7.109163611111110015e+01
3.589999999999999858e+01
3.277073686435128329e+05
4.690057708712874912e+06
4.234370833333332484e+01
-7.109163611111110015e+01
3.589999999999999858e+01
3.277073686435128329e+05
4.690057708712874912e+06
4.234371944444443869e+01
-7.109164166666666063e+01
3.650000000000000000e+01
3.277069413534870837e+05
4.690058953776768409e+06
4.234371944444443869e+01
-7.109164444444445508e+01
3.650000000000000000e+01
3.277067125323312939e+05
4.690058959405911155e+06
4.234372777777778651e+01
-7.109164722222220689e+01
3.710000000000000142e+01
3.277065064755193889e+05
4.690059890389286913e+06
4.234373611111111302e+01
-7.109165277777778158e+01
3.760000000000000142e+01
3.277060715976697975e+05
4.690060827001836151e+06
4.234374722222221976e+01
-7.109165833333331364e+01
3.820000000000000284e+01
3.277056443081079051e+05
4.690062072065824643e+06
4.234375833333332650e+01
-7.109166666666666856e+01
3.879999999999999716e+01
3.277049881976947654e+05
4.690063322759049945e+06
4.234377777777778817e+01
-7.109167499999999507e+01
3.929999999999999716e+01
3.277043548521962948e+05
4.690065498806580901e+06
4.234376944444443325e+01
-7.109167222222221483e+01
3.929999999999999716e+01
3.277045609085066244e+05
4.690064567823120393e+06
4.234377222222222059e+01
-7.109167499999999507e+01
3.970000000000000284e+01
3.277043396757530281e+05
4.690064881903759204e+06
4.234377777777778817e+01
-7.109167499999999507e+01
4.000000000000000000e+01
3.277043548521962948e+05
4.690065498806580901e+06
4.234377500000000083e+01
-7.109167499999999507e+01
4.000000000000000000e+01
3.277043472639744286e+05
4.690065190355170518e+06
4.234377777777778817e+01
-7.109167499999999507e+01
4.039999999999999858e+01
3.277043548521962948e+05
4.690065498806580901e+06
4.234378055555556841e+01
-7.109167777777777530e+01
4.079999999999999716e+01
3.277041336194842006e+05
4.690065812887226231e+06
4.234378888888889492e+01
-7.109167499999999507e+01
4.100000000000000000e+01
3.277043852050876012e+05
4.690066732612224296e+06
4.234379444444443408e+01
-7.109167222222221483e+01
4.120000000000000284e+01
3.277046292024196591e+05
4.690067343885817565e+06
4.234380277777778900e+01
-7.109166944444444880e+01
4.150000000000000000e+01
3.277048807879161322e+05
4.690068263610835187e+06
4.234381111111110840e+01
-7.109166944444444880e+01
4.160000000000000142e+01
3.277049035525344661e+05
4.690069188965070061e+06
4.234381666666667599e+01
-7.109166666666666856e+01
4.160000000000000142e+01
3.277051475497519132e+05
4.690069800238683820e+06
4.234382500000000249e+01
-7.109167222222221483e+01
4.179999999999999716e+01
3.277047126728025032e+05
4.690070736851352267e+06
4.234383055555557007e+01
-7.109168055555555554e+01
4.189999999999999858e+01
3.277040413869827753e+05
4.690071370641887188e+06
4.234384166666667682e+01
-7.109168611111110181e+01
4.210000000000000142e+01
3.277036140985649545e+05
4.690072615706047975e+06
4.234385000000000332e+01
-7.109168888888888205e+01
4.229999999999999716e+01
3.277034080426996807e+05
4.690073546689555049e+06
4.234385000000000332e+01
-7.109168333333332157e+01
4.239999999999999858e+01
3.277038656840642798e+05
4.690073535431032069e+06
4.234384722222221598e+01
-7.109168333333332157e+01
4.250000000000000000e+01
3.277038580958015518e+05
4.690073226979617029e+06
4.234384722222221598e+01
-7.109168055555555554e+01
4.260000000000000142e+01
3.277040869164896430e+05
4.690073221350366250e+06
4.234384722222221598e+01
-7.109168055555555554e+01
4.270000000000000284e+01
3.277040869164896430e+05
4.690073221350366250e+06
4.234384722222221598e+01
-7.109168055555555554e+01
4.289999999999999858e+01
3.277040869164896430e+05
4.690073221350366250e+06
4.234384166666667682e+01
-7.109167499999999507e+01
4.300000000000000000e+01
3.277045293814106844e+05
4.690072593189060688e+06
4.234383888888889658e+01
-7.109167222222221483e+01
4.300000000000000000e+01
3.277047506139018806e+05
4.690072279108419083e+06
4.234383611111110923e+01
-7.109166944444444880e+01
4.300000000000000000e+01
3.277049718464116449e+05
4.690071965027783997e+06
4.234383055555557007e+01
-7.109166666666666856e+01
4.300000000000000000e+01
3.277051854907443048e+05
4.690071342495746911e+06
4.234382777777778273e+01
-7.109166944444444880e+01
4.310000000000000142e+01
3.277049490817822516e+05
4.690071039673544466e+06
4.234382500000000249e+01
-7.109167222222221483e+01
4.320000000000000284e+01
3.277047126728025032e+05
4.690070736851352267e+06
4.234382500000000249e+01
-7.109167777777777530e+01
4.339999999999999858e+01
3.277042550312566455e+05
4.690070748109815642e+06
4.234382500000000249e+01
-7.109168333333332157e+01
4.350000000000000000e+01
3.277037973897148622e+05
4.690070759368308820e+06
4.234382222222222225e+01
-7.109169444444445674e+01
4.350000000000000000e+01
3.277028745183230494e+05
4.690070473433971405e+06
4.234382222222222225e+01
-7.109170555555556348e+01
4.370000000000000284e+01
3.277019592351917527e+05
4.690070495951166376e+06
4.234382222222222225e+01
-7.109170555555556348e+01
4.370000000000000284e+01
3.277019592351917527e+05
4.690070495951166376e+06
4.234382222222222225e+01
-7.109170555555556348e+01
4.370000000000000284e+01
3.277019592351917527e+05
4.690070495951166376e+06
4.234382222222222225e+01
-7.109170555555556348e+01
4.370000000000000284e+01
3.277019592351917527e+05
4.690070495951166376e+06
4.234382222222222225e+01
-7.109170555555556348e+01
4.370000000000000284e+01
3.277019592351917527e+05
4.690070495951166376e+06
4.234382222222222225e+01
-7.109170555555556348e+01
4.370000000000000284e+01
3.277019592351917527e+05
4.690070495951166376e+06
4.234382222222222225e+01
-7.109170555555556348e+01
4.370000000000000284e+01
3.277019592351917527e+05
4.690070495951166376e+06
4.234382222222222225e+01
-7.109170555555556348e+01
4.370000000000000284e+01
3.277019592351917527e+05
4.690070495951166376e+06
4.234382222222222225e+01
-7.109170555555556348e+01
4.370000000000000284e+01
3.277019592351917527e+05
4.690070495951166376e+06
4.234382222222222225e+01
-7.109170555555556348e+01
4.370000000000000284e+01
3.277019592351917527e+05
4.690070495951166376e+06
4.234382222222222225e+01
-7.109170555555556348e+01
4.370000000000000284e+01
3.277019592351917527e+05
4.690070495951166376e+06
4.234382222222222225e+01
-7.109170555555556348e+01
4.370000000000000284e+01
3.277019592351917527e+05
4.690070495951166376e+06
4.234382222222222225e+01
-7.109170555555556348e+01
4.370000000000000284e+01
3.277019592351917527e+05
4.690070495951166376e+06
4.234382222222222225e+01
-7.109170555555556348e+01
4.370000000000000284e+01
3.277019592351917527e+05
4.690070495951166376e+06
4.234382222222222225e+01
-7.109170555555556348e+01
4.370000000000000284e+01
3.277019592351917527e+05
4.690070495951166376e+06
4.234382222222222225e+01
-7.109170555555556348e+01
4.370000000000000284e+01
3.277019592351917527e+05
4.690070495951166376e+06
4.234382222222222225e+01
-7.109170555555556348e+01
4.370000000000000284e+01
3.277019592351917527e+05
4.690070495951166376e+06
4.234382222222222225e+01
-7.109170555555556348e+01
4.370000000000000284e+01
3.277019592351917527e+05
4.690070495951166376e+06
4.234382222222222225e+01
-7.109170555555556348e+01
4.370000000000000284e+01
3.277019592351917527e+05
4.690070495951166376e+06
4.234382222222222225e+01
-7.109170555555556348e+01
4.370000000000000284e+01
3.277019592351917527e+05
4.690070495951166376e+06
4.234382222222222225e+01
-7.109170555555556348e+01
4.370000000000000284e+01
3.277019592351917527e+05
4.690070495951166376e+06
4.234382222222222225e+01
-7.109170555555556348e+01
4.370000000000000284e+01
3.277019592351917527e+05
4.690070495951166376e+06
4.234382222222222225e+01
-7.109170555555556348e+01
4.370000000000000284e+01
3.277019592351917527e+05
4.690070495951166376e+06
4.234382222222222225e+01
-7.109170555555556348e+01
4.370000000000000284e+01
3.277019592351917527e+05
4.690070495951166376e+06
4.234382222222222225e+01
-7.109170555555556348e+01
4.370000000000000284e+01
3.277019592351917527e+05
4.690070495951166376e+06
4.234382222222222225e+01
-7.109170555555556348e+01
4.370000000000000284e+01
3.277019592351917527e+05
4.690070495951166376e+06
4.234381666666667599e+01
-7.109170555555556348e+01
4.360000000000000142e+01
3.277019440585135599e+05
4.690069879048341885e+06
4.234382222222222225e+01
-7.109171111111109553e+01
4.360000000000000142e+01
3.277015015936269192e+05
4.690070507209808566e+06
4.234382222222222225e+01
-7.109171111111109553e+01
4.360000000000000142e+01
3.277015015936269192e+05
4.690070507209808566e+06
4.234382222222222225e+01
-7.109171111111109553e+01
4.360000000000000142e+01
3.277015015936269192e+05
4.690070507209808566e+06
4.234383055555557007e+01
-7.109171388888888998e+01
4.350000000000000000e+01
3.277012955379545456e+05
4.690071438193384558e+06
4.234383055555557007e+01
-7.109171666666667022e+01
4.350000000000000000e+01
3.277010667172012618e+05
4.690071443822723813e+06
4.234383055555557007e+01
-7.109171666666667022e+01
4.350000000000000000e+01
3.277010667172012618e+05
4.690071443822723813e+06
4.234383055555557007e+01
-7.109171666666667022e+01
4.350000000000000000e+01
3.277010667172012618e+05
4.690071443822723813e+06
4.234383055555557007e+01
-7.109171666666667022e+01
4.350000000000000000e+01
3.277010667172012618e+05
4.690071443822723813e+06
4.234383055555557007e+01
-7.109171666666667022e+01
4.350000000000000000e+01
3.277010667172012618e+05
4.690071443822723813e+06
4.234383055555557007e+01
-7.109171666666667022e+01
4.350000000000000000e+01
3.277010667172012618e+05
4.690071443822723813e+06
4.234383055555557007e+01
-7.109171666666667022e+01
4.350000000000000000e+01
3.277010667172012618e+05
4.690071443822723813e+06
4.234383055555557007e+01
-7.109171666666667022e+01
4.350000000000000000e+01
3.277010667172012618e+05
4.690071443822723813e+06
4.234383055555557007e+01
-7.109171666666667022e+01
4.350000000000000000e+01
3.277010667172012618e+05
4.690071443822723813e+06
4.234383055555557007e+01
-7.109171666666667022e+01
4.350000000000000000e+01
3.277010667172012618e+05
4.690071443822723813e+06
4.234383055555557007e+01
-7.109171666666667022e+01
4.350000000000000000e+01
3.277010667172012618e+05
4.690071443822723813e+06
4.234383055555557007e+01
-7.109171666666667022e+01
4.350000000000000000e+01
3.277010667172012618e+05
4.690071443822723813e+06
4.234383333333332899e+01
-7.109171388888888998e+01
4.320000000000000284e+01
3.277013031263257144e+05
4.690071746644794941e+06
4.234383888888889658e+01
-7.109171666666667022e+01
4.300000000000000000e+01
3.277010894823463168e+05
4.690072369176965207e+06
4.234384444444443574e+01
-7.109171944444445046e+01
4.270000000000000284e+01
3.277008758384108660e+05
4.690072991709139198e+06
4.234384722222221598e+01
-7.109171666666667022e+01
4.239999999999999858e+01
3.277011122474949807e+05
4.690073294531208463e+06
4.234384444444443574e+01
-7.109171666666667022e+01
4.200000000000000000e+01
3.277011046591117047e+05
4.690072986079791561e+06
4.234384722222221598e+01
-7.109171111111109553e+01
4.170000000000000284e+01
3.277015698888804764e+05
4.690073283272534609e+06
4.234383888888889658e+01
-7.109170555555556348e+01
4.139999999999999858e+01
3.277020047652361682e+05
4.690072346659648232e+06
4.234384166666667682e+01
-7.109169999999998879e+01
4.110000000000000142e+01
3.277024699950059294e+05
4.690072643852449954e+06
4.234383611111110923e+01
-7.109169166666666229e+01
4.079999999999999716e+01
3.277031412805567961e+05
4.690072010061757639e+06
4.234383055555557007e+01
-7.109168611111110181e+01
4.060000000000000142e+01
3.277035837454812136e+05
4.690071381900394335e+06
4.234383888888889658e+01
-7.109168333333332157e+01
4.050000000000000000e+01
3.277038353310159873e+05
4.690072301625375636e+06
4.234384444444443574e+01
-7.109168333333332157e+01
4.039999999999999858e+01
3.277038505075392895e+05
4.690072918528200127e+06
4.234384722222221598e+01
-7.109168055555555554e+01
4.029999999999999716e+01
3.277040869164896430e+05
4.690073221350366250e+06
4.234385000000000332e+01
-7.109167777777777530e+01
4.020000000000000284e+01
3.277043233254245133e+05
4.690073524172537960e+06
4.234385000000000332e+01
-7.109168055555555554e+01
4.010000000000000142e+01
3.277040945047423011e+05
4.690073529801780358e+06
4.234385277777778356e+01
-7.109168333333332157e+01
4.000000000000000000e+01
3.277038732723273570e+05
4.690073843882445246e+06
4.234385000000000332e+01
-7.109168611111110181e+01
4.000000000000000000e+01
3.277036368633820675e+05
4.690073541060289368e+06
4.234385000000000332e+01
-7.109168611111110181e+01
3.989999999999999858e+01
3.277036368633820675e+05
4.690073541060289368e+06
4.234385000000000332e+01
-7.109168611111110181e+01
3.979999999999999716e+01
3.277036368633820675e+05
4.690073541060289368e+06
4.234385000000000332e+01
-7.109168333333332157e+01
3.970000000000000284e+01
3.277038656840642798e+05
4.690073535431032069e+06
4.234385000000000332e+01
-7.109168333333332157e+01
3.960000000000000142e+01
3.277038656840642798e+05
4.690073535431032069e+06
4.234385000000000332e+01
-7.109168333333332157e+01
3.950000000000000000e+01
3.277038656840642798e+05
4.690073535431032069e+06
4.234385833333332982e+01
-7.109168333333332157e+01
3.939999999999999858e+01
3.277038884488547337e+05
4.690074460785273463e+06
4.234386388888889741e+01
-7.109168055555555554e+01
3.939999999999999858e+01
3.277041324460112955e+05
4.690075072058853693e+06
4.234387500000000415e+01
-7.109167222222221483e+01
3.920000000000000284e+01
3.277048492608079687e+05
4.690076288976804353e+06
4.234388333333333065e+01
-7.109166666666666856e+01
3.910000000000000142e+01
3.277053296666082460e+05
4.690077203072614968e+06
4.234388888888889113e+01
-7.109167222222221483e+01
3.910000000000000142e+01
3.277048872019439004e+05
4.690077831233881414e+06
4.234388055555557173e+01
-7.109166666666666856e+01
3.910000000000000142e+01
3.277053220784012228e+05
4.690076894621201791e+06
4.234388333333333065e+01
-7.109166666666666856e+01
3.900000000000000000e+01
3.277053296666082460e+05
4.690077203072614968e+06
4.234388333333333065e+01
-7.109166666666666856e+01
3.900000000000000000e+01
3.277053296666082460e+05
4.690077203072614968e+06
4.234388333333333065e+01
-7.109166666666666856e+01
3.900000000000000000e+01
3.277053296666082460e+05
4.690077203072614968e+06
4.234388333333333065e+01
-7.109166666666666856e+01
3.889999999999999858e+01
3.277053296666082460e+05
4.690077203072614968e+06
4.234388333333333065e+01
-7.109166666666666856e+01
3.889999999999999858e+01
3.277053296666082460e+05
4.690077203072614968e+06
4.234388333333333065e+01
-7.109166666666666856e+01
3.889999999999999858e+01
3.277053296666082460e+05
4.690077203072614968e+06
4.234388333333333065e+01
-7.109166666666666856e+01
3.889999999999999858e+01
3.277053296666082460e+05
4.690077203072614968e+06
4.234388333333333065e+01
-7.109166666666666856e+01
3.889999999999999858e+01
3.277053296666082460e+05
4.690077203072614968e+06
4.234388333333333065e+01
-7.109166666666666856e+01
3.879999999999999716e+01
3.277053296666082460e+05
4.690077203072614968e+06
4.234388611111111089e+01
-7.109166666666666856e+01
3.879999999999999716e+01
3.277053372548156185e+05
4.690077511524030007e+06
4.234388333333333065e+01
-7.109166666666666856e+01
3.879999999999999716e+01
3.277053296666082460e+05
4.690077203072614968e+06
4.234388333333333065e+01
-7.109166666666666856e+01
3.879999999999999716e+01
3.277053296666082460e+05
4.690077203072614968e+06
4.234388333333333065e+01
-7.109166666666666856e+01
3.879999999999999716e+01
3.277053296666082460e+05
4.690077203072614968e+06
4.234388333333333065e+01
-7.109166666666666856e+01
3.879999999999999716e+01
3.277053296666082460e+05
4.690077203072614968e+06
4.234388333333333065e+01
-7.109166666666666856e+01
3.879999999999999716e+01
3.277053296666082460e+05
4.690077203072614968e+06
4.234388333333333065e+01
-7.109166666666666856e+01
3.879999999999999716e+01
3.277053296666082460e+05
4.690077203072614968e+06
4.234388611111111089e+01
-7.109166944444444880e+01
3.870000000000000284e+01
3.277051084342647227e+05
4.690077517153244466e+06
4.234388333333333065e+01
-7.109166944444444880e+01
3.870000000000000284e+01
3.277051008460472221e+05
4.690077208701829426e+06
4.234388333333333065e+01
-7.109166944444444880e+01
3.870000000000000284e+01
3.277051008460472221e+05
4.690077208701829426e+06
4.234388333333333065e+01
-7.109166944444444880e+01
3.870000000000000284e+01
3.277051008460472221e+05
4.690077208701829426e+06
4.234388333333333065e+01
-7.109166944444444880e+01
3.870000000000000284e+01
3.277051008460472221e+05
4.690077208701829426e+06
4.234388333333333065e+01
-7.109166944444444880e+01
3.870000000000000284e+01
3.277051008460472221e+05
4.690077208701829426e+06
4.234388333333333065e+01
-7.109166944444444880e+01
3.870000000000000284e+01
3.277051008460472221e+05
4.690077208701829426e+06
4.234388055555557173e+01
-7.109167499999999507e+01
3.879999999999999716e+01
3.277046356166900368e+05
4.690076911508865654e+06
4.234388611111111089e+01
-7.109167777777777530e+01
3.889999999999999858e+01
3.277044219726138981e+05
4.690077534040930681e+06
4.234389166666667847e+01
-7.109168611111110181e+01
3.950000000000000000e+01
3.277037506875222316e+05
4.690078167831518687e+06
4.234390555555557256e+01
-7.109168888888888205e+01
3.979999999999999716e+01
3.277035598084420781e+05
4.690079715717868879e+06
4.234389444444443740e+01
-7.109169166666666229e+01
3.979999999999999716e+01
3.277033006347595947e+05
4.690078487541473471e+06
4.234389444444443740e+01
-7.109169166666666229e+01
3.979999999999999716e+01
3.277033006347595947e+05
4.690078487541473471e+06
4.234389444444443740e+01
-7.109169166666666229e+01
3.979999999999999716e+01
3.277033006347595947e+05
4.690078487541473471e+06
4.234389444444443740e+01
-7.109169166666666229e+01
3.979999999999999716e+01
3.277033006347595947e+05
4.690078487541473471e+06
4.234389444444443740e+01
-7.109169166666666229e+01
3.979999999999999716e+01
3.277033006347595947e+05
4.690078487541473471e+06
4.234389444444443740e+01
-7.109169166666666229e+01
3.979999999999999716e+01
3.277033006347595947e+05
4.690078487541473471e+06
4.234389444444443740e+01
-7.109169166666666229e+01
3.979999999999999716e+01
3.277033006347595947e+05
4.690078487541473471e+06
4.234389444444443740e+01
-7.109169166666666229e+01
3.979999999999999716e+01
3.277033006347595947e+05
4.690078487541473471e+06
4.234389444444443740e+01
-7.109169166666666229e+01
3.979999999999999716e+01
3.277033006347595947e+05
4.690078487541473471e+06
4.234389444444443740e+01
-7.109169166666666229e+01
3.979999999999999716e+01
3.277033006347595947e+05
4.690078487541473471e+06
4.234389444444443740e+01
-7.109169166666666229e+01
3.979999999999999716e+01
3.277033006347595947e+05
4.690078487541473471e+06
4.234389444444443740e+01
-7.109169166666666229e+01
3.979999999999999716e+01
3.277033006347595947e+05
4.690078487541473471e+06
4.234389722222221764e+01
-7.109169166666666229e+01
3.979999999999999716e+01
3.277033082230594009e+05
4.690078795992889442e+06
4.234389722222221764e+01
-7.109169166666666229e+01
3.979999999999999716e+01
3.277033082230594009e+05
4.690078795992889442e+06
4.234389722222221764e+01
-7.109169166666666229e+01
3.979999999999999716e+01
3.277033082230594009e+05
4.690078795992889442e+06
4.234389722222221764e+01
-7.109169166666666229e+01
3.979999999999999716e+01
3.277033082230594009e+05
4.690078795992889442e+06
4.234389722222221764e+01
-7.109169166666666229e+01
3.979999999999999716e+01
3.277033082230594009e+05
4.690078795992889442e+06
4.234389722222221764e+01
-7.109169166666666229e+01
3.979999999999999716e+01
3.277033082230594009e+05
4.690078795992889442e+06
4.234389722222221764e+01
-7.109169166666666229e+01
3.979999999999999716e+01
3.277033082230594009e+05
4.690078795992889442e+06
4.234389722222221764e+01
-7.109169166666666229e+01
3.979999999999999716e+01
3.277033082230594009e+05
4.690078795992889442e+06
4.234389722222221764e+01
-7.109169166666666229e+01
3.979999999999999716e+01
3.277033082230594009e+05
4.690078795992889442e+06
4.234389722222221764e+01
-7.109169166666666229e+01
3.979999999999999716e+01
3.277033082230594009e+05
4.690078795992889442e+06
4.234389722222221764e+01
-7.109169166666666229e+01
3.979999999999999716e+01
3.277033082230594009e+05
4.690078795992889442e+06
4.234389722222221764e+01
-7.109169166666666229e+01
3.979999999999999716e+01
3.277033082230594009e+05
4.690078795992889442e+06
4.234389722222221764e+01
-7.109169166666666229e+01
3.979999999999999716e+01
3.277033082230594009e+05
4.690078795992889442e+06
4.234389722222221764e+01
-7.109169166666666229e+01
3.979999999999999716e+01
3.277033082230594009e+05
4.690078795992889442e+06
4.234389722222221764e+01
-7.109169166666666229e+01
3.979999999999999716e+01
3.277033082230594009e+05
4.690078795992889442e+06
4.234389722222221764e+01
-7.109169444444445674e+01
3.979999999999999716e+01
3.277030794025484938e+05
4.690078801622171886e+06
4.234389722222221764e+01
-7.109169444444445674e+01
3.979999999999999716e+01
3.277030794025484938e+05
4.690078801622171886e+06
4.234389722222221764e+01
-7.109169444444445674e+01
3.979999999999999716e+01
3.277030794025484938e+05
4.690078801622171886e+06
4.234389722222221764e+01
-7.109169444444445674e+01
3.979999999999999716e+01
3.277030794025484938e+05
4.690078801622171886e+06
4.234389722222221764e+01
-7.109169444444445674e+01
3.979999999999999716e+01
3.277030794025484938e+05
4.690078801622171886e+06
4.234389722222221764e+01
-7.109169444444445674e+01
3.979999999999999716e+01
3.277030794025484938e+05
4.690078801622171886e+06
4.234389722222221764e+01
-7.109169444444445674e+01
3.979999999999999716e+01
3.277030794025484938e+05
4.690078801622171886e+06
4.234389722222221764e+01
-7.109169444444445674e+01
3.979999999999999716e+01
3.277030794025484938e+05
4.690078801622171886e+06
4.234389722222221764e+01
-7.109169444444445674e+01
3.979999999999999716e+01
3.277030794025484938e+05
4.690078801622171886e+06
4.234389722222221764e+01
-7.109169444444445674e+01
3.979999999999999716e+01
3.277030794025484938e+05
4.690078801622171886e+06
4.234389722222221764e+01
-7.109169444444445674e+01
3.979999999999999716e+01
3.277030794025484938e+05
4.690078801622171886e+06
4.234389722222221764e+01
-7.109169444444445674e+01
3.979999999999999716e+01
3.277030794025484938e+05
4.690078801622171886e+06
4.234389722222221764e+01
-7.109169444444445674e+01
3.979999999999999716e+01
3.277030794025484938e+05
4.690078801622171886e+06
4.234389722222221764e+01
-7.109169444444445674e+01
3.979999999999999716e+01
3.277030794025484938e+05
4.690078801622171886e+06
4.234389722222221764e+01
-7.109169444444445674e+01
3.979999999999999716e+01
3.277030794025484938e+05
4.690078801622171886e+06
4.234389722222221764e+01
-7.109169444444445674e+01
3.979999999999999716e+01
3.277030794025484938e+05
4.690078801622171886e+06
4.234389722222221764e+01
-7.109169444444445674e+01
3.979999999999999716e+01
3.277030794025484938e+05
4.690078801622171886e+06
4.234389722222221764e+01
-7.109169444444445674e+01
3.979999999999999716e+01
3.277030794025484938e+05
4.690078801622171886e+06
4.234389722222221764e+01
-7.109169444444445674e+01
3.979999999999999716e+01
3.277030794025484938e+05
4.690078801622171886e+06
4.234389722222221764e+01
-7.109169444444445674e+01
3.979999999999999716e+01
3.277030794025484938e+05
4.690078801622171886e+06
4.234389722222221764e+01
-7.109169444444445674e+01
3.979999999999999716e+01
3.277030794025484938e+05
4.690078801622171886e+06
4.234389722222221764e+01
-7.109169444444445674e+01
3.979999999999999716e+01
3.277030794025484938e+05
4.690078801622171886e+06
4.234389722222221764e+01
-7.109169444444445674e+01
3.979999999999999716e+01
3.277030794025484938e+05
4.690078801622171886e+06
4.234389722222221764e+01
-7.109169444444445674e+01
3.979999999999999716e+01
3.277030794025484938e+05
4.690078801622171886e+06
4.234389722222221764e+01
-7.109169444444445674e+01
3.979999999999999716e+01
3.277030794025484938e+05
4.690078801622171886e+06
4.234389722222221764e+01
-7.109169444444445674e+01
3.979999999999999716e+01
3.277030794025484938e+05
4.690078801622171886e+06
4.234389722222221764e+01
-7.109169444444445674e+01
3.979999999999999716e+01
3.277030794025484938e+05
4.690078801622171886e+06
4.234389722222221764e+01
-7.109169444444445674e+01
3.979999999999999716e+01
3.277030794025484938e+05
4.690078801622171886e+06
4.234389722222221764e+01
-7.109169444444445674e+01
3.979999999999999716e+01
3.277030794025484938e+05
4.690078801622171886e+06
4.234389722222221764e+01
-7.109169444444445674e+01
3.979999999999999716e+01
3.277030794025484938e+05
4.690078801622171886e+06
4.234389722222221764e+01
-7.109169444444445674e+01
3.979999999999999716e+01
3.277030794025484938e+05
4.690078801622171886e+06
4.234389722222221764e+01
-7.109169444444445674e+01
3.979999999999999716e+01
3.277030794025484938e+05
4.690078801622171886e+06
4.234389722222221764e+01
-7.109169444444445674e+01
3.979999999999999716e+01
3.277030794025484938e+05
4.690078801622171886e+06
4.234389722222221764e+01
-7.109169444444445674e+01
3.979999999999999716e+01
3.277030794025484938e+05
4.690078801622171886e+06
4.234389722222221764e+01
-7.109169444444445674e+01
3.979999999999999716e+01
3.277030794025484938e+05
4.690078801622171886e+06
4.234389722222221764e+01
-7.109169444444445674e+01
3.979999999999999716e+01
3.277030794025484938e+05
4.690078801622171886e+06
4.234389722222221764e+01
-7.109169444444445674e+01
3.989999999999999858e+01
3.277030794025484938e+05
4.690078801622171886e+06
4.234389722222221764e+01
-7.109169444444445674e+01
3.989999999999999858e+01
3.277030794025484938e+05
4.690078801622171886e+06
4.234389722222221764e+01
-7.109169444444445674e+01
3.989999999999999858e+01
3.277030794025484938e+05
4.690078801622171886e+06
4.234389722222221764e+01
-7.109169722222220855e+01
3.989999999999999858e+01
3.277028505820396822e+05
4.690078807251459919e+06
4.234389722222221764e+01
-7.109169722222220855e+01
3.989999999999999858e+01
3.277028505820396822e+05
4.690078807251459919e+06
4.234389444444443740e+01
-7.109169722222220855e+01
3.989999999999999858e+01
3.277028429937196779e+05
4.690078498800043948e+06
4.234389444444443740e+01
-7.109169722222220855e+01
3.989999999999999858e+01
3.277028429937196779e+05
4.690078498800043948e+06
4.234389444444443740e+01
-7.109169722222220855e+01
3.989999999999999858e+01
3.277028429937196779e+05
4.690078498800043948e+06
4.234389444444443740e+01
-7.109169722222220855e+01
3.989999999999999858e+01
3.277028429937196779e+05
4.690078498800043948e+06
4.234389444444443740e+01
-7.109169722222220855e+01
3.989999999999999858e+01
3.277028429937196779e+05
4.690078498800043948e+06
4.234389444444443740e+01
-7.109169722222220855e+01
3.989999999999999858e+01
3.277028429937196779e+05
4.690078498800043948e+06
4.234389444444443740e+01
-7.109169722222220855e+01
3.989999999999999858e+01
3.277028429937196779e+05
4.690078498800043948e+06
4.234389444444443740e+01
-7.109169722222220855e+01
3.989999999999999858e+01
3.277028429937196779e+05
4.690078498800043948e+06
4.234389444444443740e+01
-7.109169999999998879e+01
4.000000000000000000e+01
3.277026141732006799e+05
4.690078504429340363e+06
4.234389444444443740e+01
-7.109169999999998879e+01
4.000000000000000000e+01
3.277026141732006799e+05
4.690078504429340363e+06
4.234389444444443740e+01
-7.109169999999998879e+01
4.000000000000000000e+01
3.277026141732006799e+05
4.690078504429340363e+06
4.234389444444443740e+01
-7.109169999999998879e+01
4.000000000000000000e+01
3.277026141732006799e+05
4.690078504429340363e+06
4.234389444444443740e+01
-7.109169999999998879e+01
4.000000000000000000e+01
3.277026141732006799e+05
4.690078504429340363e+06
4.234389166666667847e+01
-7.109169999999998879e+01
4.000000000000000000e+01
3.277026065848711296e+05
4.690078195977925323e+06
4.234389166666667847e+01
-7.109169999999998879e+01
4.000000000000000000e+01
3.277026065848711296e+05
4.690078195977925323e+06
4.234389166666667847e+01
-7.109169999999998879e+01
4.000000000000000000e+01
3.277026065848711296e+05
4.690078195977925323e+06
4.234389166666667847e+01
-7.109169999999998879e+01
4.000000000000000000e+01
3.277026065848711296e+05
4.690078195977925323e+06
4.234389166666667847e+01
-7.109169999999998879e+01
4.000000000000000000e+01
3.277026065848711296e+05
4.690078195977925323e+06
4.234389166666667847e+01
-7.109169999999998879e+01
4.000000000000000000e+01
3.277026065848711296e+05
4.690078195977925323e+06
4.234389166666667847e+01
-7.109169999999998879e+01
4.000000000000000000e+01
3.277026065848711296e+05
4.690078195977925323e+06
4.234389166666667847e+01
-7.109170277777776903e+01
4.000000000000000000e+01
3.277023777643399662e+05
4.690078201607229188e+06
4.234389166666667847e+01
-7.109170277777776903e+01
4.000000000000000000e+01
3.277023777643399662e+05
4.690078201607229188e+06
4.234389166666667847e+01
-7.109170277777776903e+01
4.000000000000000000e+01
3.277023777643399662e+05
4.690078201607229188e+06
4.234389166666667847e+01
-7.109170277777776903e+01
4.000000000000000000e+01
3.277023777643399662e+05
4.690078201607229188e+06
4.234389166666667847e+01
-7.109170277777776903e+01
4.000000000000000000e+01
3.277023777643399662e+05
4.690078201607229188e+06
4.234389166666667847e+01
-7.109171111111109553e+01
4.010000000000000142e+01
3.277016913027461851e+05
4.690078218495185487e+06
4.234389166666667847e+01
-7.109171111111109553e+01
4.010000000000000142e+01
3.277016913027461851e+05
4.690078218495185487e+06
4.234389166666667847e+01
-7.109171111111109553e+01
4.010000000000000142e+01
3.277016913027461851e+05
4.690078218495185487e+06
4.234389166666667847e+01
-7.109171111111109553e+01
4.010000000000000142e+01
3.277016913027461851e+05
4.690078218495185487e+06
4.234389166666667847e+01
-7.109171111111109553e+01
4.010000000000000142e+01
3.277016913027461851e+05
4.690078218495185487e+06
4.234389166666667847e+01
-7.109171111111109553e+01
4.010000000000000142e+01
3.277016913027461851e+05
4.690078218495185487e+06
4.234389166666667847e+01
-7.109171111111109553e+01
4.010000000000000142e+01
3.277016913027461851e+05
4.690078218495185487e+06
4.234389166666667847e+01
-7.109171111111109553e+01
4.010000000000000142e+01
3.277016913027461851e+05
4.690078218495185487e+06
4.234389166666667847e+01
-7.109171111111109553e+01
4.010000000000000142e+01
3.277016913027461851e+05
4.690078218495185487e+06
4.234389166666667847e+01
-7.109171111111109553e+01
4.010000000000000142e+01
3.277016913027461851e+05
4.690078218495185487e+06
4.234389166666667847e+01
-7.109171388888888998e+01
4.010000000000000142e+01
3.277014624822148471e+05
4.690078224124519154e+06
4.234389166666667847e+01
-7.109171388888888998e+01
4.010000000000000142e+01
3.277014624822148471e+05
4.690078224124519154e+06
4.234388888888889113e+01
-7.109171388888888998e+01
4.010000000000000142e+01
3.277014548938350054e+05
4.690077915673101321e+06
4.234388888888889113e+01
-7.109171388888888998e+01
4.010000000000000142e+01
3.277014548938350054e+05
4.690077915673101321e+06
4.234388888888889113e+01
-7.109171388888888998e+01
4.010000000000000142e+01
3.277014548938350054e+05
4.690077915673101321e+06
4.234388888888889113e+01
-7.109171388888888998e+01
4.010000000000000142e+01
3.277014548938350054e+05
4.690077915673101321e+06
4.234388888888889113e+01
-7.109171388888888998e+01
4.020000000000000284e+01
3.277014548938350054e+05
4.690077915673101321e+06
4.234388888888889113e+01
-7.109171388888888998e+01
4.020000000000000284e+01
3.277014548938350054e+05
4.690077915673101321e+06
4.234388888888889113e+01
-7.109171388888888998e+01
4.020000000000000284e+01
3.277014548938350054e+05
4.690077915673101321e+06
4.234388888888889113e+01
-7.109171388888888998e+01
4.020000000000000284e+01
3.277014548938350054e+05
4.690077915673101321e+06
4.234387500000000415e+01
-7.109172499999999673e+01
4.050000000000000000e+01
3.277005016695788363e+05
4.690076395933428779e+06
4.234387500000000415e+01
-7.109172499999999673e+01
4.050000000000000000e+01
3.277005016695788363e+05
4.690076395933428779e+06
4.234387500000000415e+01
-7.109172499999999673e+01
4.050000000000000000e+01
3.277005016695788363e+05
4.690076395933428779e+06
4.234387500000000415e+01
-7.109172499999999673e+01
4.050000000000000000e+01
3.277005016695788363e+05
4.690076395933428779e+06
4.234387500000000415e+01
-7.109172499999999673e+01
4.050000000000000000e+01
3.277005016695788363e+05
4.690076395933428779e+06
4.234387500000000415e+01
-7.109172499999999673e+01
4.050000000000000000e+01
3.277005016695788363e+05
4.690076395933428779e+06
4.234387500000000415e+01
-7.109172499999999673e+01
4.050000000000000000e+01
3.277005016695788363e+05
4.690076395933428779e+06
4.234387500000000415e+01
-7.109172499999999673e+01
4.050000000000000000e+01
3.277005016695788363e+05
4.690076395933428779e+06
4.234387500000000415e+01
-7.109172499999999673e+01
4.050000000000000000e+01
3.277005016695788363e+05
4.690076395933428779e+06
4.234387500000000415e+01
-7.109172499999999673e+01
4.050000000000000000e+01
3.277005016695788363e+05
4.690076395933428779e+06
4.234387500000000415e+01
-7.109172499999999673e+01
4.050000000000000000e+01
3.277005016695788363e+05
4.690076395933428779e+06
4.234387500000000415e+01
-7.109172499999999673e+01
4.050000000000000000e+01
3.277005016695788363e+05
4.690076395933428779e+06
4.234387500000000415e+01
-7.109172499999999673e+01
4.050000000000000000e+01
3.277005016695788363e+05
4.690076395933428779e+06
4.234387500000000415e+01
-7.109172499999999673e+01
4.050000000000000000e+01
3.277005016695788363e+05
4.690076395933428779e+06
4.234387500000000415e+01
-7.109172499999999673e+01
4.050000000000000000e+01
3.277005016695788363e+05
4.690076395933428779e+06
4.234387500000000415e+01
-7.109172499999999673e+01
4.050000000000000000e+01
3.277005016695788363e+05
4.690076395933428779e+06
4.234387500000000415e+01
-7.109172499999999673e+01
4.050000000000000000e+01
3.277005016695788363e+05
4.690076395933428779e+06
4.234387500000000415e+01
-7.109172499999999673e+01
4.050000000000000000e+01
3.277005016695788363e+05
4.690076395933428779e+06
4.234387500000000415e+01
-7.109172222222220228e+01
4.039999999999999858e+01
3.277007304901708849e+05
4.690076390304065309e+06
4.234387500000000415e+01
-7.109172222222220228e+01
4.039999999999999858e+01
3.277007304901708849e+05
4.690076390304065309e+06
4.234387500000000415e+01
-7.109172222222220228e+01
4.039999999999999858e+01
3.277007304901708849e+05
4.690076390304065309e+06
4.234387500000000415e+01
-7.109172222222220228e+01
4.039999999999999858e+01
3.277007304901708849e+05
4.690076390304065309e+06
4.234387500000000415e+01
-7.109172222222220228e+01
4.039999999999999858e+01
3.277007304901708849e+05
4.690076390304065309e+06
4.234387500000000415e+01
-7.109172222222220228e+01
4.039999999999999858e+01
3.277007304901708849e+05
4.690076390304065309e+06
4.234387500000000415e+01
-7.109172222222220228e+01
4.039999999999999858e+01
3.277007304901708849e+05
4.690076390304065309e+06
4.234387500000000415e+01
-7.109172222222220228e+01
4.039999999999999858e+01
3.277007304901708849e+05
4.690076390304065309e+06
4.234387500000000415e+01
-7.109172222222220228e+01
4.039999999999999858e+01
3.277007304901708849e+05
4.690076390304065309e+06
4.234387500000000415e+01
-7.109172222222220228e+01
4.039999999999999858e+01
3.277007304901708849e+05
4.690076390304065309e+06
4.234387500000000415e+01
-7.109172222222220228e+01
4.039999999999999858e+01
3.277007304901708849e+05
4.690076390304065309e+06
4.234387222222221681e+01
-7.109171944444445046e+01
4.039999999999999858e+01
3.277009517223632429e+05
4.690076076223294251e+06
4.234386944444443657e+01
-7.109171666666667022e+01
4.050000000000000000e+01
3.277011729545762064e+05
4.690075762142528780e+06
4.234386944444443657e+01
-7.109171666666667022e+01
4.050000000000000000e+01
3.277011729545762064e+05
4.690075762142528780e+06
4.234386944444443657e+01
-7.109171666666667022e+01
4.050000000000000000e+01
3.277011729545762064e+05
4.690075762142528780e+06
4.234386944444443657e+01
-7.109171666666667022e+01
4.050000000000000000e+01
3.277011729545762064e+05
4.690075762142528780e+06
4.234386944444443657e+01
-7.109171666666667022e+01
4.050000000000000000e+01
3.277011729545762064e+05
4.690075762142528780e+06
4.234386944444443657e+01
-7.109171666666667022e+01
4.050000000000000000e+01
3.277011729545762064e+05
4.690075762142528780e+06
4.234386944444443657e+01
-7.109171666666667022e+01
4.050000000000000000e+01
3.277011729545762064e+05
4.690075762142528780e+06
4.234386944444443657e+01
-7.109171666666667022e+01
4.050000000000000000e+01
3.277011729545762064e+05
4.690075762142528780e+06
4.234386944444443657e+01
-7.109171666666667022e+01
4.050000000000000000e+01
3.277011729545762064e+05
4.690075762142528780e+06
4.234386944444443657e+01
-7.109171666666667022e+01
4.050000000000000000e+01
3.277011729545762064e+05
4.690075762142528780e+06
4.234386944444443657e+01
-7.109171666666667022e+01
4.050000000000000000e+01
3.277011729545762064e+05
4.690075762142528780e+06
4.234386944444443657e+01
-7.109171666666667022e+01
4.050000000000000000e+01
3.277011729545762064e+05
4.690075762142528780e+06
4.234386944444443657e+01
-7.109171666666667022e+01
4.050000000000000000e+01
3.277011729545762064e+05
4.690075762142528780e+06
4.234386944444443657e+01
-7.109171666666667022e+01
4.050000000000000000e+01
3.277011729545762064e+05
4.690075762142528780e+06
4.234386944444443657e+01
-7.109171666666667022e+01
4.050000000000000000e+01
3.277011729545762064e+05
4.690075762142528780e+06
4.234386944444443657e+01
-7.109171666666667022e+01
4.050000000000000000e+01
3.277011729545762064e+05
4.690075762142528780e+06
4.234386944444443657e+01
-7.109171666666667022e+01
4.050000000000000000e+01
3.277011729545762064e+05
4.690075762142528780e+06
4.234386944444443657e+01
-7.109171666666667022e+01
4.050000000000000000e+01
3.277011729545762064e+05
4.690075762142528780e+06
4.234386944444443657e+01
-7.109171666666667022e+01
4.050000000000000000e+01
3.277011729545762064e+05
4.690075762142528780e+06
4.234386944444443657e+01
-7.109171666666667022e+01
4.050000000000000000e+01
3.277011729545762064e+05
4.690075762142528780e+06
4.234386944444443657e+01
-7.109171666666667022e+01
4.050000000000000000e+01
3.277011729545762064e+05
4.690075762142528780e+06
4.234386944444443657e+01
-7.109171666666667022e+01
4.050000000000000000e+01
3.277011729545762064e+05
4.690075762142528780e+06
4.234386666666667765e+01
-7.109171666666667022e+01
4.050000000000000000e+01
3.277011653661896707e+05
4.690075453691115603e+06
4.234386666666667765e+01
-7.109171666666667022e+01
4.050000000000000000e+01
3.277011653661896707e+05
4.690075453691115603e+06
4.234386666666667765e+01
-7.109171666666667022e+01
4.050000000000000000e+01
3.277011653661896707e+05
4.690075453691115603e+06
4.234386666666667765e+01
-7.109171666666667022e+01
4.050000000000000000e+01
3.277011653661896707e+05
4.690075453691115603e+06
4.234386666666667765e+01
-7.109171666666667022e+01
4.050000000000000000e+01
3.277011653661896707e+05
4.690075453691115603e+06
4.234386666666667765e+01
-7.109171666666667022e+01
4.050000000000000000e+01
3.277011653661896707e+05
4.690075453691115603e+06
4.234386666666667765e+01
-7.109171666666667022e+01
4.050000000000000000e+01
3.277011653661896707e+05
4.690075453691115603e+06
4.234386666666667765e+01
-7.109171666666667022e+01
4.050000000000000000e+01
3.277011653661896707e+05
4.690075453691115603e+06
4.234386666666667765e+01
-7.109171666666667022e+01
4.050000000000000000e+01
3.277011653661896707e+05
4.690075453691115603e+06
4.234386666666667765e+01
-7.109171666666667022e+01
4.050000000000000000e+01
3.277011653661896707e+05
4.690075453691115603e+06
4.234386666666667765e+01
-7.109171666666667022e+01
4.050000000000000000e+01
3.277011653661896707e+05
4.690075453691115603e+06
4.234386666666667765e+01
-7.109171666666667022e+01
4.050000000000000000e+01
3.277011653661896707e+05
4.690075453691115603e+06
4.234386666666667765e+01
-7.109171666666667022e+01
4.050000000000000000e+01
3.277011653661896707e+05
4.690075453691115603e+06
4.234386666666667765e+01
-7.109171666666667022e+01
4.050000000000000000e+01
3.277011653661896707e+05
4.690075453691115603e+06
4.234386666666667765e+01
-7.109171666666667022e+01
4.050000000000000000e+01
3.277011653661896707e+05
4.690075453691115603e+06
4.234386666666667765e+01
-7.109171666666667022e+01
4.050000000000000000e+01
3.277011653661896707e+05
4.690075453691115603e+06
4.234386666666667765e+01
-7.109171666666667022e+01
4.050000000000000000e+01
3.277011653661896707e+05
4.690075453691115603e+06
4.234386666666667765e+01
-7.109171666666667022e+01
4.050000000000000000e+01
3.277011653661896707e+05
4.690075453691115603e+06
4.234386666666667765e+01
-7.109171666666667022e+01
4.050000000000000000e+01
3.277011653661896707e+05
4.690075453691115603e+06
4.234386666666667765e+01
-7.109171666666667022e+01
4.050000000000000000e+01
3.277011653661896707e+05
4.690075453691115603e+06
4.234386666666667765e+01
-7.109171666666667022e+01
4.050000000000000000e+01
3.277011653661896707e+05
4.690075453691115603e+06
4.234386666666667765e+01
-7.109171666666667022e+01
4.050000000000000000e+01
3.277011653661896707e+05
4.690075453691115603e+06
4.234386666666667765e+01
-7.109171666666667022e+01
4.050000000000000000e+01
3.277011653661896707e+05
4.690075453691115603e+06
4.234386666666667765e+01
-7.109171666666667022e+01
4.050000000000000000e+01
3.277011653661896707e+05
4.690075453691115603e+06
4.234386388888889741e+01
-7.109171666666667022e+01
4.050000000000000000e+01
3.277011577778034844e+05
4.690075145239698701e+06
4.234386388888889741e+01
-7.109171666666667022e+01
4.050000000000000000e+01
3.277011577778034844e+05
4.690075145239698701e+06
4.234386388888889741e+01
-7.109171666666667022e+01
4.050000000000000000e+01
3.277011577778034844e+05
4.690075145239698701e+06
4.234386388888889741e+01
-7.109171666666667022e+01
4.050000000000000000e+01
3.277011577778034844e+05
4.690075145239698701e+06
4.234386388888889741e+01
-7.109171666666667022e+01
4.050000000000000000e+01
3.277011577778034844e+05
4.690075145239698701e+06
4.234386388888889741e+01
-7.109171666666667022e+01
4.050000000000000000e+01
3.277011577778034844e+05
4.690075145239698701e+06
4.234386388888889741e+01
-7.109171666666667022e+01
4.050000000000000000e+01
3.277011577778034844e+05
4.690075145239698701e+06
4.234386388888889741e+01
-7.109171666666667022e+01
4.050000000000000000e+01
3.277011577778034844e+05
4.690075145239698701e+06
4.234386388888889741e+01
-7.109171666666667022e+01
4.050000000000000000e+01
3.277011577778034844e+05
4.690075145239698701e+06
4.234386388888889741e+01
-7.109171666666667022e+01
4.050000000000000000e+01
3.277011577778034844e+05
4.690075145239698701e+06
4.234386388888889741e+01
-7.109171666666667022e+01
4.050000000000000000e+01
3.277011577778034844e+05
4.690075145239698701e+06
4.234386388888889741e+01
-7.109171666666667022e+01
4.050000000000000000e+01
3.277011577778034844e+05
4.690075145239698701e+06
4.234386388888889741e+01
-7.109171666666667022e+01
4.050000000000000000e+01
3.277011577778034844e+05
4.690075145239698701e+06
4.234386111111111006e+01
-7.109171666666667022e+01
4.050000000000000000e+01
3.277011501894177636e+05
4.690074836788282730e+06
4.234386111111111006e+01
-7.109171666666667022e+01
4.050000000000000000e+01
3.277011501894177636e+05
4.690074836788282730e+06
4.234385833333332982e+01
-7.109171666666667022e+01
4.050000000000000000e+01
3.277011426010323921e+05
4.690074528336867690e+06
4.234385833333332982e+01
-7.109171666666667022e+01
4.050000000000000000e+01
3.277011426010323921e+05
4.690074528336867690e+06
4.234385833333332982e+01
-7.109171666666667022e+01
4.050000000000000000e+01
3.277011426010323921e+05
4.690074528336867690e+06
4.234385833333332982e+01
-7.109171666666667022e+01
4.050000000000000000e+01
3.277011426010323921e+05
4.690074528336867690e+06
4.234385833333332982e+01
-7.109171666666667022e+01
4.050000000000000000e+01
3.277011426010323921e+05
4.690074528336867690e+06
4.234385833333332982e+01
-7.109171666666667022e+01
4.050000000000000000e+01
3.277011426010323921e+05
4.690074528336867690e+06
4.234385833333332982e+01
-7.109171666666667022e+01
4.050000000000000000e+01
3.277011426010323921e+05
4.690074528336867690e+06
4.234385833333332982e+01
-7.109171666666667022e+01
4.050000000000000000e+01
3.277011426010323921e+05
4.690074528336867690e+06
4.234385555555557090e+01
-7.109171944444445046e+01
4.060000000000000142e+01
3.277009061919869855e+05
4.690074225514803082e+06
4.234385555555557090e+01
-7.109171944444445046e+01
4.060000000000000142e+01
3.277009061919869855e+05
4.690074225514803082e+06
4.234385555555557090e+01
-7.109171944444445046e+01
4.060000000000000142e+01
3.277009061919869855e+05
4.690074225514803082e+06
4.234385277777778356e+01
-7.109171944444445046e+01
4.070000000000000284e+01
3.277008986035923590e+05
4.690073917063385248e+06
4.234385277777778356e+01
-7.109171944444445046e+01
4.070000000000000284e+01
3.277008986035923590e+05
4.690073917063385248e+06
4.234385277777778356e+01
-7.109171944444445046e+01
4.070000000000000284e+01
3.277008986035923590e+05
4.690073917063385248e+06
4.234385277777778356e+01
-7.109171944444445046e+01
4.070000000000000284e+01
3.277008986035923590e+05
4.690073917063385248e+06
4.234385277777778356e+01
-7.109171944444445046e+01
4.070000000000000284e+01
3.277008986035923590e+05
4.690073917063385248e+06
4.234385277777778356e+01
-7.109171944444445046e+01
4.070000000000000284e+01
3.277008986035923590e+05
4.690073917063385248e+06
4.234385277777778356e+01
-7.109171944444445046e+01
4.070000000000000284e+01
3.277008986035923590e+05
4.690073917063385248e+06
4.234385277777778356e+01
-7.109171944444445046e+01
4.070000000000000284e+01
3.277008986035923590e+05
4.690073917063385248e+06
