4.235493055555554776e+01
-7.107901388888888050e+01
1.789999999999999858e+01
3.287776056858650409e+05
4.691278351035382599e+06
4.235493055555554776e+01
-7.107901111111111447e+01
1.780000000000000071e+01
3.287778344661291922e+05
4.691278345440059900e+06
4.235493333333333510e+01
-7.107901944444444098e+01
1.760000000000000142e+01
3.287771556692217709e+05
4.691278670677754097e+06
4.235493333333333510e+01
-7.107903333333332796e+01
1.750000000000000000e+01
3.287760117679438554e+05
4.691278698654552922e+06
4.235493611111111534e+01
-7.107905000000000939e+01
1.750000000000000000e+01
3.287746466304029454e+05
4.691279040678661317e+06
4.235493888888890268e+01
-7.107908055555554938e+01
1.750000000000000000e+01
3.287721375918083359e+05
4.691279410680475645e+06
4.235494166666666160e+01
-7.107911111111111779e+01
1.780000000000000071e+01
3.287696285534271738e+05
4.691279780683198012e+06
4.235495000000000942e+01
-7.107913888888887755e+01
1.830000000000000071e+01
3.287673633841305855e+05
4.691280761994566768e+06
4.235496111111111617e+01
-7.107916666666665151e+01
1.900000000000000000e+01
3.287651057598631596e+05
4.691282051758393645e+06
4.235495833333333593e+01
-7.107918888888887921e+01
1.939999999999999858e+01
3.287632679741020547e+05
4.691281788072833791e+06
4.235495555555554859e+01
-7.107921388888887293e+01
1.969999999999999929e+01
3.287612014079971705e+05
4.691281529983614571e+06
4.235495833333333593e+01
-7.107924444444444134e+01
2.010000000000000142e+01
3.287586923707509995e+05
4.691281899990295060e+06
4.235495277777776835e+01
-7.107927222222222952e+01
2.019999999999999929e+01
3.287563894794498337e+05
4.691281339046733454e+06
4.235494444444444184e+01
-7.107929444444444300e+01
2.010000000000000142e+01
3.287545366032781312e+05
4.691280458460034803e+06
4.235493611111111534e+01
-7.107931944444443673e+01
2.010000000000000142e+01
3.287524549463689327e+05
4.691279583469958976e+06
4.235492500000000859e+01
-7.107934166666666442e+01
2.010000000000000142e+01
3.287505945241414011e+05
4.691278394432567991e+06
4.235491944444444101e+01
-7.107936388888887791e+01
2.010000000000000142e+01
3.287487491915447754e+05
4.691277822299066000e+06
4.235491944444444101e+01
-7.107938611111111982e+01
2.030000000000000071e+01
3.287469189490563003e+05
4.691277867069456726e+06
4.235491111111111451e+01
-7.107941111111111354e+01
2.039999999999999858e+01
3.287448372903306736e+05
4.691276992081598379e+06
4.235490833333333427e+01
-7.107943611111112148e+01
2.019999999999999929e+01
3.287427707218568539e+05
4.691276733997759409e+06
4.235489444444444018e+01
-7.107946111111111520e+01
1.969999999999999929e+01
3.287406739712508861e+05
4.691275242107693106e+06
4.235487222222222670e+01
-7.107948055555554845e+01
1.960000000000000142e+01
3.287390121439901413e+05
4.691272813669933937e+06
4.235485833333333261e+01
-7.107950277777776193e+01
1.939999999999999858e+01
3.287371441719527356e+05
4.691271316184299067e+06
4.235484444444444563e+01
-7.107952777777776987e+01
1.919999999999999929e+01
3.287350474185277126e+05
4.691269824295847677e+06
4.235483888888889936e+01
-7.107955000000001178e+01
1.930000000000000071e+01
3.287332020822395571e+05
4.691269252166350372e+06
4.235483611111111912e+01
-7.107957777777777153e+01
1.910000000000000142e+01
3.287309067302788608e+05
4.691268999682706781e+06
4.235483055555555154e+01
-7.107960555555554549e+01
1.919999999999999929e+01
3.287286038321113447e+05
4.691268438748101704e+06
4.235482500000001238e+01
-7.107963055555555343e+01
1.930000000000000071e+01
3.287265297141921474e+05
4.691267872217256576e+06
4.235481666666665745e+01
-7.107965833333332739e+01
1.930000000000000071e+01
3.287242192690422526e+05
4.691267002832364291e+06
4.235481111111111829e+01
-7.107968333333333533e+01
1.910000000000000142e+01
3.287221451502831187e+05
4.691266436302796938e+06
4.235480277777777047e+01
-7.107970833333332905e+01
1.919999999999999929e+01
3.287200634847904439e+05
4.691265561322122812e+06
4.235479722222222421e+01
-7.107973333333333699e+01
1.919999999999999929e+01
3.287179893652141327e+05
4.691264994793765247e+06
4.235479166666665662e+01
-7.107976111111111095e+01
1.900000000000000000e+01
3.287156864644922316e+05
4.691264433863342740e+06
4.235478055555554988e+01
-7.107978611111111888e+01
1.939999999999999858e+01
3.287135972508651903e+05
4.691263250432845205e+06
4.235476944444444314e+01
-7.107980555555555213e+01
1.960000000000000142e+01
3.287119655982375843e+05
4.691262055808023550e+06
4.235475833333333640e+01
-7.107982777777776562e+01
1.960000000000000142e+01
3.287101051641509403e+05
4.691260866781081073e+06
4.235475000000000989e+01
-7.107985277777777355e+01
1.980000000000000071e+01
3.287080234953623731e+05
4.691259991803904064e+06
4.235474166666666207e+01
-7.107987499999998704e+01
1.989999999999999858e+01
3.287061706069956417e+05
4.691259111229683273e+06
4.235473055555554822e+01
-7.107989444444444871e+01
2.010000000000000142e+01
3.287045389520999743e+05
4.691257916606533341e+06
4.235472500000000906e+01
-7.107991666666666219e+01
2.019999999999999929e+01
3.287026936098342412e+05
4.691257344484917819e+06
4.235471944444444148e+01
-7.107993888888887568e+01
2.050000000000000000e+01
3.287008482672447572e+05
4.691256772363777272e+06
4.235471944444444148e+01
-7.107996388888886941e+01
2.060000000000000142e+01
3.286987892378405668e+05
4.691256822744409554e+06
4.235472222222222882e+01
-7.107999722222223227e+01
2.050000000000000000e+01
3.286960514126979397e+05
4.691257198371239007e+06
4.235471388888890232e+01
-7.108002222222222599e+01
2.039999999999999858e+01
3.286939697408797219e+05
4.691256323398157954e+06
4.235470277777776715e+01
-7.108004722222221972e+01
2.030000000000000071e+01
3.286918805209298152e+05
4.691255139973971993e+06
4.235469166666666041e+01
-7.108007222222222765e+01
2.019999999999999929e+01
3.286897913002569694e+05
4.691253956550391391e+06
4.235468055555555367e+01
-7.108009722222222138e+01
2.010000000000000142e+01
3.286877020788610680e+05
4.691252773127416149e+06
4.235466944444443982e+01
-7.108012222222222931e+01
2.010000000000000142e+01
3.286856128567400738e+05
4.691251589705046266e+06
4.235466388888890066e+01
-7.108014444444444280e+01
1.989999999999999858e+01
3.286837675110390992e+05
4.691251017588327639e+06
4.235465833333333308e+01
-7.108017222222223097e+01
1.989999999999999858e+01
3.286814646024686517e+05
4.691250456668954343e+06
4.235465000000000657e+01
-7.108019444444444446e+01
1.980000000000000071e+01
3.286796117079628748e+05
4.691249576101602055e+06
4.235464722222222633e+01
-7.108022222222223263e+01
1.969999999999999929e+01
3.286773163467386039e+05
4.691249323635281995e+06
4.235464166666665875e+01
-7.108024999999997817e+01
1.969999999999999929e+01
3.286750134369962616e+05
4.691248762717996724e+06
4.235463333333333225e+01
-7.108027499999998611e+01
1.969999999999999929e+01
3.286729317597945337e+05
4.691247887751031667e+06
4.235462500000000574e+01
-7.108030277777777428e+01
1.960000000000000142e+01
3.286706213006549515e+05
4.691247018383459188e+06
4.235463055555555201e+01
-7.108033333333332848e+01
1.950000000000000000e+01
3.286681198025615886e+05
4.691247696874056011e+06
4.235463333333333225e+01
-7.108036111111111666e+01
1.960000000000000142e+01
3.286658395375418477e+05
4.691248061314894818e+06
4.235463333333333225e+01
-7.108038611111112459e+01
1.980000000000000071e+01
3.286637805052669137e+05
4.691248111705750227e+06
4.235464166666665875e+01
-7.108041944444444482e+01
1.969999999999999929e+01
3.286610577756892890e+05
4.691249104249636643e+06
4.235463333333333225e+01
-7.108044999999998481e+01
1.989999999999999858e+01
3.286585185338918818e+05
4.691248240485134535e+06
4.235462777777776466e+01
-7.108048333333333346e+01
2.010000000000000142e+01
3.286557580591894221e+05
4.691247690772522241e+06
4.235462777777776466e+01
-7.108051111111112164e+01
2.010000000000000142e+01
3.286534702453357168e+05
4.691247746765691787e+06
4.235463333333333225e+01
-7.108053611111111536e+01
2.000000000000000000e+01
3.286514263115655631e+05
4.691248414063612930e+06
4.235463333333333225e+01
-7.108057222222223004e+01
1.989999999999999858e+01
3.286484521538055269e+05
4.691248486856727861e+06
4.235463333333333225e+01
-7.108060277777777003e+01
2.000000000000000000e+01
3.286459355587741593e+05
4.691248548451890238e+06
4.235463888888889983e+01
-7.108063333333333844e+01
2.019999999999999929e+01
3.286434340631508385e+05
4.691249226951392367e+06
4.235464166666665875e+01
-7.108066111111111240e+01
2.030000000000000071e+01
3.286411537994859973e+05
4.691249591400316916e+06
4.235465000000000657e+01
-7.108068333333334010e+01
2.039999999999999858e+01
3.286393461984551977e+05
4.691250561553783715e+06
4.235464722222222633e+01
-7.108070833333333383e+01
2.060000000000000142e+01
3.286372796167052002e+05
4.691250303500735201e+06
4.235461666666665792e+01
-7.108074444444444850e+01
2.060000000000000142e+01
3.286342224083686597e+05
4.691246983330981806e+06
4.235460833333333142e+01
-7.108077777777776873e+01
2.060000000000000142e+01
3.286314543805348221e+05
4.691246125176159665e+06
4.235458888888889817e+01
-7.108080555555555691e+01
2.019999999999999929e+01
3.286291137136481702e+05
4.691244022015233524e+06
4.235456944444444360e+01
-7.108082777777777039e+01
1.980000000000000071e+01
3.286272306085681194e+05
4.691241907654626295e+06
4.235455833333333686e+01
-7.108084999999998388e+01
1.939999999999999858e+01
3.286253701538237510e+05
4.691240718649647199e+06
4.235454166666665543e+01
-7.108087222222222579e+01
1.910000000000000142e+01
3.286234945973099675e+05
4.691238912741712295e+06
4.235453611111111627e+01
-7.108090277777776578e+01
1.880000000000000071e+01
3.286209628972318606e+05
4.691238357442314737e+06
4.235451944444444194e+01
-7.108092499999997926e+01
1.889999999999999858e+01
3.286190873389380286e+05
4.691236551535516046e+06
4.235450000000000870e+01
-7.108094722222222117e+01
1.910000000000000142e+01
3.286172042288610246e+05
4.691234437177480198e+06
4.235448888888890195e+01
-7.108097777777777537e+01
1.950000000000000000e+01
3.286146574246993987e+05
4.691233264976863749e+06
4.235447777777776679e+01
-7.108100555555554934e+01
1.939999999999999858e+01
3.286123394015876111e+05
4.691232087176460773e+06
4.235447500000000787e+01
-7.108103055555555727e+01
1.919999999999999929e+01
3.286102728130251635e+05
4.691231829131202772e+06
4.235447222222222763e+01
-7.108104999999999052e+01
1.900000000000000000e+01
3.286086637881938368e+05
4.691231559884925373e+06
4.235447500000000787e+01
-7.108106666666665774e+01
1.900000000000000000e+01
3.286072986477015656e+05
4.691231901941595599e+06
4.235447777777776679e+01
-7.108109166666666567e+01
1.930000000000000071e+01
3.286052471615122631e+05
4.691232260801248252e+06
4.235448333333333437e+01
-7.108111388888887916e+01
1.950000000000000000e+01
3.286034320088648237e+05
4.691232922512250021e+06
4.235449166666666088e+01
-7.108113888888887288e+01
1.960000000000000142e+01
3.286013956261571730e+05
4.691233898276488297e+06
4.235450000000000870e+01
-7.108116666666666106e+01
1.980000000000000071e+01
3.285991304621397867e+05
4.691234879642453976e+06
4.235450277777776762e+01
-7.108118888888887454e+01
1.980000000000000071e+01
3.285973077589720488e+05
4.691235232903356664e+06
4.235450555555554786e+01
-7.108121388888888248e+01
1.980000000000000071e+01
3.285952562741259462e+05
4.691235591765981168e+06
4.235450833333333520e+01
-7.108123611111112439e+01
1.969999999999999929e+01
3.285934335712869070e+05
4.691235945027908310e+06
4.235450000000000870e+01
-7.108126666666666438e+01
2.019999999999999929e+01
3.285908943151996355e+05
4.691235081287552603e+06
4.235449444444444111e+01
-7.108129166666665810e+01
2.030000000000000071e+01
3.285888201743029640e+05
4.691234514796897769e+06
4.235447222222222763e+01
-7.108131666666666604e+01
2.010000000000000142e+01
3.285867007200457156e+05
4.691232097596519627e+06
4.235445000000000704e+01
-7.108134444444444000e+01
1.989999999999999858e+01
3.285843524823190528e+05
4.691229685998338275e+06
4.235442500000000621e+01
-7.108137222222222817e+01
1.969999999999999929e+01
3.285819966906387126e+05
4.691226965949188918e+06
4.235441388888889946e+01
-7.108140555555554840e+01
1.900000000000000000e+01
3.285792210951105808e+05
4.691225799362891354e+06
4.235440555555555164e+01
-7.108144444444444332e+01
1.830000000000000071e+01
3.285759954868030036e+05
4.691224952433100902e+06
4.235439444444444490e+01
-7.108148055555555800e+01
1.769999999999999929e+01
3.285729911071305978e+05
4.691223791451091878e+06
4.235437777777776347e+01
-7.108151666666665847e+01
1.760000000000000142e+01
3.285699716206538724e+05
4.691222013566898182e+06
4.235437500000001165e+01
-7.108154444444444664e+01
1.769999999999999929e+01
3.285676762445995118e+05
4.691221761136142537e+06
4.235436388888889780e+01
-7.108157222222223481e+01
1.780000000000000071e+01
3.285653582091075368e+05
4.691220583350965753e+06
4.235435277777776975e+01
-7.108159999999998035e+01
1.780000000000000071e+01
3.285630401728131110e+05
4.691219405566536821e+06
4.235433888888889697e+01
-7.108163055555554877e+01
1.760000000000000142e+01
3.285604857999862288e+05
4.691217924933495000e+06
4.235432777777779023e+01
-7.108166666666666345e+01
1.710000000000000142e+01
3.285574814144678530e+05
4.691216763957986608e+06
4.235431666666665507e+01
-7.108170277777776391e+01
1.639999999999999858e+01
3.285544770279023214e+05
4.691215602983736433e+06
4.235430555555554832e+01
-7.108173333333333233e+01
1.590000000000000036e+01
3.285519302054282743e+05
4.691214430805453099e+06
4.235429166666666134e+01
-7.108176666666666677e+01
1.540000000000000036e+01
3.285491470456853858e+05
4.691212955779077485e+06
4.235427500000000833e+01
-7.108179444444444073e+01
1.530000000000000071e+01
3.285468138962155208e+05
4.691211161096433178e+06
4.235426111111111425e+01
-7.108181944444444866e+01
1.519999999999999929e+01
3.285447170822471962e+05
4.691209669263376854e+06
4.235424722222222726e+01
-7.108184166666666215e+01
1.500000000000000000e+01
3.285428490501688793e+05
4.691208171827992424e+06
4.235423333333333318e+01
-7.108186111111109540e+01
1.459999999999999964e+01
3.285412098001242848e+05
4.691206668790096417e+06
4.235421944444443909e+01
-7.108188611111108912e+01
1.430000000000000071e+01
3.285391129836074542e+05
4.691205176958654076e+06
4.235420833333333235e+01
-7.108191666666665753e+01
1.409999999999999964e+01
3.285365661546167103e+05
4.691204004785789177e+06
4.235419444444443826e+01
-7.108194166666666547e+01
1.409999999999999964e+01
3.285344693362851394e+05
4.691202512955690734e+06
4.235418333333333152e+01
-7.108196944444443943e+01
1.400000000000000000e+01
3.285321512885151897e+05
4.691201335181187838e+06
4.235417777777779236e+01
-7.108199166666666713e+01
1.390000000000000036e+01
3.285303059152067872e+05
4.691200763104190119e+06
4.235417222222222478e+01
-7.108201388888888062e+01
1.380000000000000071e+01
3.285284605415789410e+05
4.691200191027665511e+06
4.235416666666665719e+01
-7.108203611111109410e+01
1.369999999999999929e+01
3.285266151676231530e+05
4.691199618951618671e+06
4.235416111111111803e+01
-7.108205555555555577e+01
1.319999999999999929e+01
3.285249985764462035e+05
4.691199041272544302e+06
4.235416388888889827e+01
-7.108207777777776926e+01
1.300000000000000000e+01
3.285231758665159578e+05
4.691199394552556798e+06
4.235415555555555045e+01
-7.108210277777777719e+01
1.269999999999999929e+01
3.285210941537645995e+05
4.691198519629792310e+06
4.235414722222222395e+01
-7.108212777777777092e+01
1.259999999999999964e+01
3.285190124404670205e+05
4.691197644707635976e+06
4.235413333333332986e+01
-7.108215277777776464e+01
1.259999999999999964e+01
3.285169156163245789e+05
4.691196152882641181e+06
4.235412222222222312e+01
-7.108218333333333305e+01
1.259999999999999964e+01
3.285143687800272601e+05
4.691194980717659928e+06
4.235411111111111637e+01
-7.108221111111109281e+01
1.250000000000000000e+01
3.285120507261342718e+05
4.691193802949650213e+06
4.235410277777778987e+01
-7.108224444444444146e+01
1.250000000000000000e+01
3.285092826602633577e+05
4.691192944842123426e+06
4.235409444444444205e+01
-7.108227222222222963e+01
1.230000000000000071e+01
3.285069721603550133e+05
4.691192075527476147e+06
4.235408888888890289e+01
-7.108230277777776962e+01
1.219999999999999929e+01
3.285044404321573675e+05
4.691191520269466564e+06
4.235407777777778904e+01
-7.108232777777777756e+01
1.190000000000000036e+01
3.285023511587303365e+05
4.691190336900423281e+06
4.235406944444444122e+01
-7.108235555555555152e+01
1.159999999999999964e+01
3.285000406570055056e+05
4.691189467588014901e+06
4.235405833333333447e+01
-7.108238333333333969e+01
1.150000000000000000e+01
3.284977225987007259e+05
4.691188289824633859e+06
4.235404166666666015e+01
-7.108240277777777294e+01
1.150000000000000000e+01
3.284960757780557033e+05
4.691186478345202282e+06
4.235402777777779448e+01
-7.108242499999998643e+01
1.150000000000000000e+01
3.284942077291015303e+05
4.691184980922358111e+06
4.235401944444443956e+01
-7.108244999999999436e+01
1.159999999999999964e+01
3.284921260081342189e+05
4.691184106007990427e+06
4.235401388888890040e+01
-7.108247499999998809e+01
1.150000000000000000e+01
3.284900518429275835e+05
4.691183539545952342e+06
4.235400833333333281e+01
-7.108249722222222999e+01
1.159999999999999964e+01
3.284882064610152738e+05
4.691182967479818501e+06
4.235399444444443873e+01
-7.108252222222222372e+01
1.169999999999999929e+01
3.284861096256792662e+05
4.691181475663757883e+06
4.235398055555555175e+01
-7.108254722222223165e+01
1.180000000000000071e+01
3.284840127894380130e+05
4.691179983848301694e+06
4.235397777777779282e+01
-7.108256388888888466e+01
1.169999999999999929e+01
3.284826325302295736e+05
4.691179709025684744e+06
4.235397500000000548e+01
-7.108258611111109815e+01
1.159999999999999964e+01
3.284807947033320670e+05
4.691179445413181558e+06
4.235396944444443790e+01
-7.108261388888888632e+01
1.159999999999999964e+01
3.284784917518717702e+05
4.691178884559437633e+06
4.235396388888889874e+01
-7.108263888888888005e+01
1.150000000000000000e+01
3.284764175838367082e+05
4.691178318101363257e+06
4.235395833333333115e+01
-7.108266666666666822e+01
1.150000000000000000e+01
3.284741146315855440e+05
4.691177757249036804e+06
4.235395277777779199e+01
-7.108269444444444218e+01
1.140000000000000036e+01
3.284718116789328633e+05
4.691177196397460066e+06
4.235395277777779199e+01
-7.108271944444445012e+01
1.140000000000000036e+01
3.284697526241255109e+05
4.691177246844777837e+06
4.235395277777779199e+01
-7.108274722222222408e+01
1.140000000000000036e+01
3.284674647854508366e+05
4.691177302898065187e+06
4.235395277777779199e+01
-7.108277222222223202e+01
1.130000000000000071e+01
3.284654057306370232e+05
4.691177353346662596e+06
4.235395277777779199e+01
-7.108279722222222574e+01
1.130000000000000071e+01
3.284633466758242575e+05
4.691177403795867227e+06
4.235395277777779199e+01
-7.108282499999998549e+01
1.150000000000000000e+01
3.284610588371390477e+05
4.691177459851250052e+06
4.235394444444444417e+01
-7.108285555555555391e+01
1.180000000000000071e+01
3.284585195415428025e+05
4.691176596157860011e+06
4.235393611111111767e+01
-7.108288611111109390e+01
1.190000000000000036e+01
3.284559802452840377e+05
4.691175732465373352e+06
4.235393055555555009e+01
-7.108292777777776905e+01
1.190000000000000036e+01
3.284525333704509540e+05
4.691175199648862705e+06
4.235393055555555009e+01
-7.108296388888888373e+01
1.190000000000000036e+01
3.284495591790844337e+05
4.691175272525573149e+06
4.235393055555555009e+01
-7.108298611111109722e+01
1.200000000000000000e+01
3.284477289074722212e+05
4.691175317373407073e+06
4.235392777777779116e+01
-7.108301111111109094e+01
1.200000000000000000e+01
3.284456622936651111e+05
4.691175059376070276e+06
4.235393055555555009e+01
-7.108303611111109888e+01
1.200000000000000000e+01
3.284436107963344548e+05
4.691175418282787316e+06
4.235393055555555009e+01
-7.108306388888888705e+01
1.180000000000000071e+01
3.284413229568053503e+05
4.691175474344601855e+06
4.235392777777779116e+01
-7.108309722222223570e+01
1.159999999999999964e+01
3.284385699908162933e+05
4.691175233168041334e+06
4.235392222222222358e+01
-7.108313333333333617e+01
1.180000000000000071e+01
3.284355806819223799e+05
4.691174689147224650e+06
4.235392222222222358e+01
-7.108317777777777735e+01
1.209999999999999964e+01
3.284319201381744351e+05
4.691174778850675561e+06
4.235392222222222358e+01
-7.108321388888887782e+01
1.240000000000000036e+01
3.284289459463703097e+05
4.691174851736139506e+06
4.235391944444444334e+01
-7.108324444444444623e+01
1.259999999999999964e+01
3.284264217634442030e+05
4.691174604957710952e+06
4.235391666666665600e+01
-7.108327222222220598e+01
1.280000000000000071e+01
3.284241263643007260e+05
4.691174352573405020e+06
4.235391388888889708e+01
-7.108329444444444789e+01
1.280000000000000071e+01
3.284222885329803685e+05
4.691174088976154104e+06
4.235390833333332949e+01
-7.108331111111110090e+01
1.280000000000000071e+01
3.284209007102291798e+05
4.691173505713860504e+06
4.235390000000001010e+01
-7.108332777777776812e+01
1.290000000000000036e+01
3.284195053278480191e+05
4.691172614000110887e+06
4.235389444444444251e+01
-7.108334722222220137e+01
1.290000000000000036e+01
3.284178887204648927e+05
4.691172036345332861e+06
4.235388333333333577e+01
-7.108337777777776978e+01
1.300000000000000000e+01
3.284153418572320370e+05
4.691170864215655252e+06
4.235387500000000927e+01
-7.108341666666666470e+01
1.300000000000000000e+01
3.284121162003097706e+05
4.691170017360084690e+06
4.235386388888890252e+01
-7.108343888888887818e+01
1.319999999999999929e+01
3.284102556878945907e+05
4.691168828410742804e+06
4.235385833333333494e+01
-7.108346111111109167e+01
1.340000000000000036e+01
3.284084102945647901e+05
4.691168256365341134e+06
4.235385000000000844e+01
-7.108348055555555334e+01
1.340000000000000036e+01
3.284067861252153525e+05
4.691167370261342265e+06
4.235383333333333411e+01
-7.108349722222220635e+01
1.369999999999999929e+01
3.284053680597541388e+05
4.691165553195124492e+06
4.235382500000000761e+01
-7.108351388888888778e+01
1.390000000000000036e+01
3.284039726737260935e+05
4.691164661484371871e+06
4.235381111111111352e+01
-7.108353333333333524e+01
1.430000000000000071e+01
3.284023333827260649e+05
4.691163158477904275e+06
4.235380833333333328e+01
-7.108357222222220173e+01
1.380000000000000071e+01
3.283991228409620817e+05
4.691162928531645797e+06
4.235380000000000678e+01
-7.108359166666666340e+01
1.409999999999999964e+01
3.283974986691439990e+05
4.691162042429735884e+06
4.235379444444443919e+01
-7.108360833333334483e+01
1.419999999999999929e+01
3.283961108417543583e+05
4.691161459172236733e+06
4.235379166666665895e+01
-7.108362777777777808e+01
1.409999999999999964e+01
3.283945017901149113e+05
4.691161189974469133e+06
4.235378888888890003e+01
-7.108364722222221133e+01
1.390000000000000036e+01
3.283928927383286646e+05
4.691160920777070336e+06
4.235378333333333245e+01
-7.108367499999998529e+01
1.350000000000000000e+01
3.283905897723144153e+05
4.691160359951856546e+06
4.235375277777779246e+01
-7.108368333333334022e+01
1.340000000000000036e+01
3.283898202515871963e+05
4.691156983806431293e+06
4.235375000000000512e+01
-7.108369999999999322e+01
1.350000000000000000e+01
3.283884399832286872e+05
4.691156709002139978e+06
4.235374166666665730e+01
-7.108371944444445489e+01
1.340000000000000036e+01
3.283868158085484756e+05
4.691155822902633809e+06
4.235374444444443753e+01
-7.108374444444444862e+01
1.359999999999999964e+01
3.283847643075908418e+05
4.691156181826502085e+06
4.235375000000000512e+01
-7.108376944444444234e+01
1.350000000000000000e+01
3.283827203677842626e+05
4.691156849202709273e+06
4.235375277777779246e+01
-7.108379722222220209e+01
1.350000000000000000e+01
3.283804400826707715e+05
4.691157213735981844e+06
4.235375555555555138e+01
-7.108382499999999027e+01
1.369999999999999929e+01
3.283781597977514029e+05
4.691157578269998543e+06
4.235376388888889920e+01
-7.108385833333333892e+01
1.409999999999999964e+01
3.283754370664402377e+05
4.691158570924935862e+06
4.235377500000000595e+01
-7.108388055555555241e+01
1.430000000000000071e+01
3.283736370353838429e+05
4.691159849598965608e+06
4.235378333333333245e+01
-7.108389999999998565e+01
1.450000000000000000e+01
3.283720582280235249e+05
4.691160814213268459e+06
4.235379444444443919e+01
-7.108391944444444732e+01
1.480000000000000071e+01
3.283704869826016948e+05
4.691162087279680185e+06
4.235380000000000678e+01
-7.108395555555556200e+01
1.540000000000000036e+01
3.283675279079349712e+05
4.691162777094565332e+06
4.235380277777779412e+01
-7.108398333333333596e+01
1.550000000000000000e+01
3.283652476252934430e+05
4.691163141632866114e+06
4.235380555555554594e+01
-7.108401388888887595e+01
1.580000000000000071e+01
3.283627385584319709e+05
4.691163511780683883e+06
4.235380000000000678e+01
-7.108403888888888389e+01
1.600000000000000000e+01
3.283606643747437047e+05
4.691162945356491953e+06
4.235379722222222654e+01
-7.108406388888887761e+01
1.639999999999999858e+01
3.283585977527350187e+05
4.691162687384644523e+06
4.235379722222222654e+01
-7.108409166666666579e+01
1.650000000000000000e+01
3.283563099082254339e+05
4.691162743474123068e+06
4.235379444444443919e+01
-7.108411666666665951e+01
1.660000000000000142e+01
3.283542432859281544e+05
4.691162485503551550e+06
4.235379444444443919e+01
-7.108414166666666745e+01
1.639999999999999858e+01
3.283521842257709941e+05
4.691162535985327326e+06
4.235378611111111269e+01
-7.108416666666666117e+01
1.650000000000000000e+01
3.283501024783647154e+05
4.691161661112487316e+06
4.235377777777779329e+01
-7.108419166666666911e+01
1.680000000000000071e+01
3.283480207304099458e+05
4.691160786240250804e+06
4.235376388888889920e+01
-7.108421666666666283e+01
1.719999999999999929e+01
3.283459238567252760e+05
4.691159294465132989e+06
4.235375277777779246e+01
-7.108423333333334426e+01
1.750000000000000000e+01
3.283445208986625075e+05
4.691158094314232469e+06
4.235374722222222488e+01
-7.108425833333333799e+01
1.800000000000000000e+01
3.283424467116433661e+05
4.691157527895346284e+06
4.235375000000000512e+01
-7.108428333333334592e+01
1.819999999999999929e+01
3.283403952127594966e+05
4.691157886832291260e+06
4.235375000000000512e+01
-7.108430833333333965e+01
1.839999999999999858e+01
3.283383361511332332e+05
4.691157937318101525e+06
4.235374722222222488e+01
-7.108433055555555313e+01
1.830000000000000071e+01
3.283364983111202600e+05
4.691157673743143678e+06
4.235374444444443753e+01
-7.108435277777778083e+01
1.810000000000000142e+01
3.283346604709459934e+05
4.691157410168663599e+06
4.235374444444443753e+01
-7.108439166666666154e+01
1.760000000000000142e+01
3.283314574858944397e+05
4.691157488705025055e+06
4.235374166666665730e+01
-7.108442222222220153e+01
1.719999999999999929e+01
3.283289332914392580e+05
4.691157241961452179e+06
4.235373333333333079e+01
-7.108444999999998970e+01
1.739999999999999858e+01
3.283266227545464644e+05
4.691156372705340385e+06
4.235373055555555055e+01
-7.108447499999999764e+01
1.780000000000000071e+01
3.283245561288246536e+05
4.691156114743445069e+06
4.235372222222222405e+01
-7.108450277777777160e+01
1.800000000000000000e+01
3.283222455909529817e+05
4.691155245488753542e+06
4.235370277777779080e+01
-7.108453611111110604e+01
1.830000000000000071e+01
3.283194472279702895e+05
4.691153153648178093e+06
4.235347500000001020e+01
-7.108536388888887814e+01
1.200000000000000000e+01
3.282506488834948977e+05
4.691129532770536840e+06
4.235347222222222285e+01
-7.108538055555555957e+01
1.230000000000000071e+01
3.282492686028820463e+05
4.691129257993362844e+06
4.235347500000001020e+01
-7.108540277777777305e+01
1.209999999999999964e+01
3.282474458845471963e+05
4.691129611344966106e+06
4.235347222222222285e+01
-7.108541944444445448e+01
1.209999999999999964e+01
3.282460656037899898e+05
4.691129336568419822e+06
4.235346944444444262e+01
-7.108543333333331304e+01
1.240000000000000036e+01
3.282449141085712472e+05
4.691129056179544888e+06
4.235346666666665527e+01
-7.108544999999999447e+01
1.259999999999999964e+01
3.282435338275803952e+05
4.691128781403491274e+06
4.235346666666665527e+01
-7.108546388888888146e+01
1.259999999999999964e+01
3.282423898992296308e+05
4.691128809466777369e+06
4.235346388888889635e+01
-7.108547777777778265e+01
1.259999999999999964e+01
3.282412384037422598e+05
4.691128529078504071e+06
4.235345833333332877e+01
-7.108549444444444987e+01
1.259999999999999964e+01
3.282398505552747520e+05
4.691127945851417258e+06
4.235343611111111528e+01
-7.108552222222220962e+01
1.269999999999999929e+01
3.282375021599413594e+05
4.691125534365370870e+06
4.235342777777778878e+01
-7.108554444444445153e+01
1.280000000000000071e+01
3.282356491715752054e+05
4.691124653913023882e+06
4.235341944444444096e+01
-7.108556944444444525e+01
1.300000000000000000e+01
3.282335673968861229e+05
4.691123779074104503e+06
4.235341111111111445e+01
-7.108560277777777969e+01
1.269999999999999929e+01
3.282307992640266311e+05
4.691122921074909158e+06
4.235340000000000771e+01
-7.108564722222220666e+01
1.269999999999999929e+01
3.282271084190853871e+05
4.691121777077651583e+06
4.235338611111111362e+01
-7.108568055555555532e+01
1.280000000000000071e+01
3.282243251488129608e+05
4.691120302177461796e+06
4.235336944444443930e+01
-7.108570833333331507e+01
1.350000000000000000e+01
3.282219918814164703e+05
4.691118507599915378e+06
4.235335833333333255e+01
-7.108573888888888348e+01
1.390000000000000036e+01
3.282194449628573493e+05
4.691117335540027358e+06
4.235334166666665823e+01
-7.108578333333332466e+01
1.450000000000000000e+01
3.282157389764231630e+05
4.691115574645121582e+06
4.235332500000000522e+01
-7.108582499999999982e+01
1.509999999999999964e+01
3.282122617742472794e+05
4.691113808138476685e+06
4.235331388888889848e+01
-7.108585833333332005e+01
1.540000000000000036e+01
3.282094860659966944e+05
4.691112641695769504e+06
4.235330000000000439e+01
-7.108589444444444894e+01
1.580000000000000071e+01
3.282064740018832381e+05
4.691111172416215762e+06
4.235328611111111741e+01
-7.108592777777778338e+01
1.610000000000000142e+01
3.282036907227971824e+05
4.691109697523997165e+06
4.235327500000000356e+01
-7.108595833333332337e+01
1.619999999999999929e+01
3.282011437977382448e+05
4.691108525470593944e+06
4.235326111111111658e+01
-7.108599166666667202e+01
1.639999999999999858e+01
3.281983605164101464e+05
4.691107050580435432e+06
4.235325000000000983e+01
-7.108602499999999225e+01
1.669999999999999929e+01
3.281955848029634799e+05
4.691105884143103845e+06
4.235323888888889599e+01
-7.108605555555556066e+01
1.680000000000000071e+01
3.281930378750556847e+05
4.691104712092573754e+06
4.235322777777778924e+01
-7.108608611111110065e+01
1.689999999999999858e+01
3.281904909462620271e+05
4.691103540042948909e+06
4.235321666666665408e+01
-7.108611666666666906e+01
1.689999999999999858e+01
3.281879440165782580e+05
4.691102367994225584e+06
4.235321111111111492e+01
-7.108614444444445724e+01
1.710000000000000142e+01
3.281856410116701154e+05
4.691101807235400192e+06
4.235320555555554733e+01
-7.108616944444445096e+01
1.710000000000000142e+01
3.281835667929854244e+05
4.691101240862742066e+06
4.235320000000000817e+01
-7.108619444444445890e+01
1.730000000000000071e+01
3.281814925739360624e+05
4.691100674490694888e+06
4.235319722222222083e+01
-7.108621944444445262e+01
1.750000000000000000e+01
3.281794259243080160e+05
4.691100416570997797e+06
4.235319166666665325e+01
-7.108623888888888587e+01
1.769999999999999929e+01
3.281778092779802391e+05
4.691099838970623910e+06
4.235318611111111409e+01
-7.108626388888887959e+01
1.780000000000000071e+01
3.281757350579680060e+05
4.691099272600255907e+06
4.235317777777778758e+01
-7.108628888888888753e+01
1.819999999999999929e+01
3.281736532675531926e+05
4.691098397778740153e+06
4.235316944444443976e+01
-7.108631666666667570e+01
1.839999999999999858e+01
3.281713426898360485e+05
4.691097528572789393e+06
4.235316388888890060e+01
-7.108633888888888919e+01
1.850000000000000000e+01
3.281694972553099506e+05
4.691096956589270383e+06
4.235313888888889977e+01
-7.108637222222220942e+01
1.830000000000000071e+01
3.281666836809132947e+05
4.691094247904374264e+06
4.235311666666665786e+01
-7.108640277777777783e+01
1.810000000000000142e+01
3.281641064617700176e+05
4.691091842057100497e+06
4.235309722222222462e+01
-7.108642777777777155e+01
1.780000000000000071e+01
3.281619943854687153e+05
4.691089733431939967e+06
4.235307777777779137e+01
-7.108645277777777949e+01
1.739999999999999858e+01
3.281598823079172289e+05
4.691087624807384796e+06
4.235305833333332970e+01
-7.108647499999999297e+01
1.710000000000000142e+01
3.281579990162750473e+05
4.691085510568035766e+06
4.235303888888889645e+01
-7.108650555555556139e+01
1.689999999999999858e+01
3.281554293618056690e+05
4.691083413175561465e+06
4.235300833333332804e+01
-7.108654166666667606e+01
1.639999999999999858e+01
3.281523718474606285e+05
4.691080093208120205e+06
4.235299166666665371e+01
-7.108657222222221606e+01
1.610000000000000142e+01
3.281498097603810602e+05
4.691078304269364104e+06
4.235297777777778805e+01
-7.108659166666666351e+01
1.600000000000000000e+01
3.281481703929688083e+05
4.691076801320381463e+06
4.235296666666665288e+01
-7.108661111111109676e+01
1.590000000000000036e+01
3.281465385960332933e+05
4.691075606823505834e+06
4.235296111111111372e+01
-7.108663055555555843e+01
1.590000000000000036e+01
3.281449219410265796e+05
4.691075029230499640e+06
4.235295277777778722e+01
-7.108664722222221144e+01
1.600000000000000000e+01
3.281435265019762446e+05
4.691074137570248917e+06
4.235294722222221964e+01
-7.108665833333331818e+01
1.619999999999999929e+01
3.281425962090769317e+05
4.691073543130232021e+06
4.235293888888890024e+01
-7.108667222222220516e+01
1.660000000000000142e+01
3.281414295570296235e+05
4.691072645854503848e+06
4.235293333333333266e+01
-7.108669166666666683e+01
1.700000000000000000e+01
3.281398129008727847e+05
4.691072068262644112e+06
4.235292777777778639e+01
-7.108671111111110008e+01
1.760000000000000142e+01
3.281381962444374803e+05
4.691071490671149455e+06
4.235292500000000615e+01
-7.108672500000000127e+01
1.789999999999999858e+01
3.281370447346272413e+05
4.691071210299625061e+06
4.235292222222222591e+01
-7.108674166666666849e+01
1.830000000000000071e+01
3.281356644370537251e+05
4.691070935544393957e+06
4.235292222222222591e+01
-7.108675833333332150e+01
1.869999999999999929e+01
3.281342917110634735e+05
4.691070969241180457e+06
4.235292500000000615e+01
-7.108677777777778317e+01
1.880000000000000071e+01
3.281326977691754000e+05
4.691071317006184720e+06
4.235292500000000615e+01
-7.108679999999999666e+01
1.880000000000000071e+01
3.281308674679314718e+05
4.691071361936070025e+06
4.235292777777778639e+01
-7.108681944444442991e+01
1.880000000000000071e+01
3.281292735262637725e+05
4.691071709701864049e+06
4.235293055555554531e+01
-7.108684444444442363e+01
1.880000000000000071e+01
3.281272220094659715e+05
4.691072068700779229e+06
4.235293055555554531e+01
-7.108686944444443156e+01
1.880000000000000071e+01
3.281251629207345541e+05
4.691072119248552248e+06
4.235293055555554531e+01
-7.108689166666667347e+01
1.889999999999999858e+01
3.281233326196379494e+05
4.691072164180414751e+06
4.235293055555554531e+01
-7.108692499999999370e+01
1.839999999999999858e+01
3.281205871679905104e+05
4.691072231579106301e+06
4.235293333333333266e+01
-7.108695277777778188e+01
1.810000000000000142e+01
3.281183068640237907e+05
4.691072596197259612e+06
4.235293888888890024e+01
-7.108699722222220885e+01
1.810000000000000142e+01
3.281146614071194781e+05
4.691073302968562581e+06
4.235293888888890024e+01
-7.108703611111110376e+01
1.830000000000000071e+01
3.281114583806012524e+05
4.691073381604458205e+06
4.235293888888890024e+01
-7.108708055555555916e+01
1.860000000000000142e+01
3.281077977788556018e+05
4.691073471475847997e+06
4.235293611111111289e+01
-7.108711944444442565e+01
1.869999999999999929e+01
3.281045871793043334e+05
4.691073241663130932e+06
4.235293888888890024e+01
-7.108715555555556875e+01
1.889999999999999858e+01
3.281016205133869080e+05
4.691073623138164170e+06
4.235293888888890024e+01
-7.108718611111110874e+01
1.900000000000000000e+01
3.280991038496710826e+05
4.691073684928078204e+06
4.235293333333333266e+01
-7.108721666666667716e+01
1.930000000000000071e+01
3.280965720392083749e+05
4.691073129815384746e+06
4.235292777777778639e+01
-7.108724999999999739e+01
1.939999999999999858e+01
3.280938114406502573e+05
4.691072580321067944e+06
4.235292500000000615e+01
-7.108727777777778556e+01
1.960000000000000142e+01
3.280915159905346809e+05
4.691072328044463880e+06
4.235292500000000615e+01
-7.108730555555555952e+01
1.960000000000000142e+01
3.280892281139092520e+05
4.691072384220366366e+06
4.235291944444443857e+01
-7.108733333333331927e+01
1.960000000000000142e+01
3.280869250896963058e+05
4.691071823493499309e+06
4.235291388888889941e+01
-7.108736111111110745e+01
1.969999999999999929e+01
3.280846220650735777e+05
4.691071262767381035e+06
4.235286944444443691e+01
-7.108739444444442768e+01
1.880000000000000071e+01
3.280817554284740472e+05
4.691066394953103736e+06
4.235283888888889692e+01
-7.108742222222221585e+01
1.830000000000000071e+01
3.280793842346629826e+05
4.691063058162810281e+06
4.235283055555554910e+01
-7.108745833333331632e+01
1.810000000000000142e+01
3.280763872682559304e+05
4.691062205841395073e+06
4.235282500000000283e+01
-7.108747777777777799e+01
1.810000000000000142e+01
3.280747706035930896e+05
4.691061628264327534e+06
4.235281666666665501e+01
-7.108749999999999147e+01
1.810000000000000142e+01
3.280729175762159284e+05
4.691060747854012996e+06
4.235280833333332851e+01
-7.108752222222221917e+01
1.819999999999999929e+01
3.280710645483578555e+05
4.691059867444175296e+06
4.235280000000000911e+01
-7.108754722222221289e+01
1.819999999999999929e+01
3.280689827318958705e+05
4.691058992653092369e+06
4.235279444444444152e+01
-7.108758055555556155e+01
1.839999999999999858e+01
3.280662221251059091e+05
4.691058443169432692e+06
4.235279444444444152e+01
-7.108761388888888177e+01
1.839999999999999858e+01
3.280634766674154671e+05
4.691058510590365157e+06
4.235278888888889526e+01
-7.108764444444443598e+01
1.839999999999999858e+01
3.280609448480523424e+05
4.691057955490317196e+06
4.235278611111111502e+01
-7.108767222222220994e+01
1.850000000000000000e+01
3.280586493914280436e+05
4.691057703224313445e+06
4.235277777777778851e+01
-7.108770555555555859e+01
1.860000000000000142e+01
3.280558812079875497e+05
4.691056845292931423e+06
4.235277222222222093e+01
-7.108773333333331834e+01
1.869999999999999929e+01
3.280535781755101634e+05
4.691056284576809965e+06
4.235276111111111419e+01
-7.108776666666666699e+01
1.880000000000000071e+01
3.280508024154499872e+05
4.691055118195638992e+06
4.235275277777778768e+01
-7.108779444444442674e+01
1.889999999999999858e+01
3.280484918064778903e+05
4.691054249029404484e+06
4.235274166666665252e+01
-7.108782499999999516e+01
1.889999999999999858e+01
3.280459448330202722e+05
4.691053077031172812e+06
4.235273611111111336e+01
-7.108784722222220864e+01
1.900000000000000000e+01
3.280440993750699563e+05
4.691052505080084316e+06
4.235272777777778686e+01
-7.108786944444443634e+01
1.900000000000000000e+01
3.280422463410831406e+05
4.691051624677713029e+06
4.235271944444443903e+01
-7.108789166666667825e+01
1.900000000000000000e+01
3.280403933066130849e+05
4.691050744275816716e+06
4.235270833333333229e+01
-7.108792222222221824e+01
1.930000000000000071e+01
3.280378463304183679e+05
4.691049572280461900e+06
4.235269722222222555e+01
-7.108795277777778665e+01
1.930000000000000071e+01
3.280352993533355184e+05
4.691048400286009535e+06
4.235268888888889904e+01
-7.108798333333332664e+01
1.939999999999999858e+01
3.280327599514871836e+05
4.691047536744222045e+06
4.235268055555554412e+01
-7.108801388888889505e+01
1.960000000000000142e+01
3.280302205489699263e+05
4.691046673203332350e+06
4.235267222222222472e+01
-7.108803888888888878e+01
1.969999999999999929e+01
3.280281387229693355e+05
4.691045798424139619e+06
4.235266388888889821e+01
-7.108806111111110226e+01
1.980000000000000071e+01
3.280262856850489043e+05
4.691044918025888503e+06
4.235265833333333063e+01
-7.108809166666667068e+01
2.010000000000000142e+01
3.280237538571899058e+05
4.691044362939060666e+06
4.235265000000000413e+01
-7.108812222222221067e+01
2.010000000000000142e+01
3.280212144522707677e+05
4.691043499401378445e+06
4.235263611111111715e+01
-7.108815555555555932e+01
1.989999999999999858e+01
3.280184311045068316e+05
4.691042024580984376e+06
4.235262222222222306e+01
-7.108818888888889376e+01
1.969999999999999929e+01
3.280156477555369493e+05
4.691040549761667848e+06
4.235261111111111632e+01
-7.108822222222221399e+01
1.930000000000000071e+01
3.280128719823357533e+05
4.691039383395184763e+06
4.235260000000000247e+01
-7.108824722222220771e+01
1.900000000000000000e+01
3.280107825747355819e+05
4.691038200169267133e+06
4.235258888888889572e+01
-7.108827499999999588e+01
1.869999999999999929e+01
3.280084643775150180e+05
4.691037022564184852e+06
4.235257777777778898e+01
-7.108830277777778406e+01
1.830000000000000071e+01
3.280061461794878123e+05
4.691035844959849492e+06
4.235256944444444116e+01
-7.108833055555555802e+01
1.789999999999999858e+01
3.280038355580223724e+05
4.691034975808016956e+06
4.235255833333332731e+01
-7.108835277777778572e+01
1.760000000000000142e+01
3.280019749365049647e+05
4.691033786964272149e+06
4.235254722222222057e+01
-7.108837777777777944e+01
1.730000000000000071e+01
3.279998855252997600e+05
4.691032603741512634e+06
4.235253888888889406e+01
-7.108840555555553919e+01
1.710000000000000142e+01
3.279975749019106152e+05
4.691031734591698274e+06
4.235253055555554624e+01
-7.108843333333332737e+01
1.680000000000000071e+01
3.279952642779116286e+05
4.691030865442628041e+06
4.235251944444443950e+01
-7.108846388888889578e+01
1.660000000000000142e+01
3.279927172863276792e+05
4.691029693463282660e+06
4.235250833333333276e+01
-7.108848888888888951e+01
1.669999999999999929e+01
3.279906278722439893e+05
4.691028510243210942e+06
4.235250000000000625e+01
-7.108851388888888323e+01
1.650000000000000000e+01
3.279885460354572278e+05
4.691027635475502349e+06
4.235248888888889951e+01
-7.108853888888889117e+01
1.639999999999999858e+01
3.279864566200146219e+05
4.691026452256638557e+06
4.235247777777778566e+01
-7.108856388888888489e+01
1.630000000000000071e+01
3.279843672038511140e+05
4.691025269038378261e+06
4.235247222222222518e+01
-7.108859166666667306e+01
1.619999999999999929e+01
3.279820641542109661e+05
4.691024708345325664e+06
4.235246666666667892e+01
-7.108861944444443282e+01
1.619999999999999929e+01
3.279797611041670898e+05
4.691024147653019987e+06
4.235246388888889868e+01
-7.108865000000000123e+01
1.639999999999999858e+01
3.279772368428555201e+05
4.691023901034457609e+06
4.235246388888889868e+01
-7.108867499999999495e+01
1.630000000000000071e+01
3.279751777386498870e+05
4.691023951625932939e+06
4.235245833333333110e+01
-7.108870000000000289e+01
1.619999999999999929e+01
3.279731034770624829e+05
4.691023385314486921e+06
4.235245555555554375e+01
-7.108872777777777685e+01
1.600000000000000000e+01
3.279708080045046518e+05
4.691023133076854981e+06
4.235244444444443701e+01
-7.108875555555553660e+01
1.590000000000000036e+01
3.279684897950769519e+05
4.691021955484684557e+06
4.235242777777779111e+01
-7.108878611111110501e+01
1.540000000000000036e+01
3.279659276373800822e+05
4.691020166611339897e+06
4.235241944444443618e+01
-7.108881666666667343e+01
1.519999999999999929e+01
3.279633882156773470e+05
4.691019303094180301e+06
4.235241111111111678e+01
-7.108884444444443318e+01
1.540000000000000036e+01
3.279610775828610640e+05
4.691018433956163004e+06
4.235240277777779028e+01
-7.108887500000000159e+01
1.530000000000000071e+01
3.279585381598554668e+05
4.691017570440730080e+06
4.235239166666668353e+01
-7.108890555555554158e+01
1.519999999999999929e+01
3.279559911567602539e+05
4.691016398474440910e+06
4.235238333333332861e+01
-7.108893333333332976e+01
1.500000000000000000e+01
3.279536805219643284e+05
4.691015529338804074e+06
4.235237222222222186e+01
-7.108896111111110372e+01
1.480000000000000071e+01
3.279513623069392052e+05
4.691014351752156392e+06
4.235236111111111512e+01
-7.108898611111111165e+01
1.469999999999999929e+01
3.279492728808441898e+05
4.691013168544107117e+06
4.235235277777778862e+01
-7.108901666666668007e+01
1.469999999999999929e+01
3.279467334542958997e+05
4.691012305032863282e+06
4.235234166666668187e+01
-7.108905000000000030e+01
1.459999999999999964e+01
3.279439576573488303e+05
4.691011138693071902e+06
4.235233333333332695e+01
-7.108908055555554029e+01
1.450000000000000000e+01
3.279414182293305639e+05
4.691010275183713064e+06
4.235232222222222020e+01
-7.108910833333332846e+01
1.419999999999999929e+01
3.279391000103596016e+05
4.691009097601021640e+06
4.235231666666668104e+01
-7.108913611111110242e+01
1.400000000000000000e+01
3.279367969510878902e+05
4.691008536922602914e+06
4.235231111111111346e+01
-7.108916666666667084e+01
1.380000000000000071e+01
3.279342651014875155e+05
4.691007981867557392e+06
4.235230555555554588e+01
-7.108919722222221083e+01
1.350000000000000000e+01
3.279317332514445297e+05
4.691007426813412458e+06
4.235229444444443914e+01
-7.108922499999999900e+01
1.340000000000000036e+01
3.279294150297720917e+05
4.691006249233854003e+06
4.235228333333333239e+01
-7.108924999999999272e+01
1.340000000000000036e+01
3.279273255973117775e+05
4.691005066032184288e+06
4.235227222222221855e+01
-7.108927777777778090e+01
1.340000000000000036e+01
3.279250073740691296e+05
4.691003888454044238e+06
4.235226388888889915e+01
-7.108929999999999438e+01
1.330000000000000071e+01
3.279231543110648636e+05
4.691003008082423359e+06
4.235225000000000506e+01
-7.108931944444442763e+01
1.330000000000000071e+01
3.279215148758846335e+05
4.691001505184705369e+06
4.235223888888889832e+01
-7.108933888888888930e+01
1.340000000000000036e+01
3.279198830209783628e+05
4.691000310739117675e+06
4.235223055555554339e+01
-7.108935555555554231e+01
1.350000000000000000e+01
3.279184875367752975e+05
4.690999419122516178e+06
4.235221944444443665e+01
-7.108937777777778422e+01
1.350000000000000000e+01
3.279166268906035693e+05
4.690998230300803669e+06
4.235220833333332990e+01
-7.108939722222221747e+01
1.350000000000000000e+01
3.279149950340915238e+05
4.690997035856314935e+06
4.235219722222222316e+01
-7.108942222222221119e+01
1.340000000000000036e+01
3.279129055963434512e+05
4.690995852658808231e+06
4.235218888888889666e+01
-7.108944999999999936e+01
1.350000000000000000e+01
3.279105949488703627e+05
4.690994983537060209e+06
4.235218055555554884e+01
-7.108948055555553935e+01
1.359999999999999964e+01
3.279080555103988154e+05
4.690994120039525442e+06
4.235217222222222233e+01
-7.108951666666666824e+01
1.380000000000000071e+01
3.279050584904005518e+05
4.690993267790022306e+06
4.235216666666668317e+01
-7.108955277777778292e+01
1.369999999999999929e+01
3.279020690513571026e+05
4.690992723993547261e+06
4.235216666666668317e+01
-7.108958888888889760e+01
1.380000000000000071e+01
3.278990947755309753e+05
4.690992797101861797e+06
4.235216666666668317e+01
-7.108961666666667156e+01
1.390000000000000036e+01
3.278968068710447988e+05
4.690992853339889087e+06
4.235216944444443499e+01
-7.108964444444443131e+01
1.390000000000000036e+01
3.278945265486325370e+05
4.690993218030424789e+06
4.235217222222222233e+01
-7.108967499999999973e+01
1.400000000000000000e+01
3.278920174359867233e+05
4.690993588345711119e+06
4.235217222222222233e+01
-7.108969999999999345e+01
1.369999999999999929e+01
3.278899583221210050e+05
4.690993638961989433e+06
4.235216944444443499e+01
-7.108972500000000139e+01
1.369999999999999929e+01
3.278878916258834070e+05
4.690993381127104163e+06
4.235216666666668317e+01
-7.108974722222221487e+01
1.350000000000000000e+01
3.278860537199130049e+05
4.690993117668635212e+06
4.235216388888889583e+01
-7.108976944444442836e+01
1.369999999999999929e+01
3.278842158137768274e+05
4.690992854210637510e+06
4.235216666666668317e+01
-7.108979444444443629e+01
1.369999999999999929e+01
3.278821642822493450e+05
4.690993213280975819e+06
4.235216388888889583e+01
-7.108981666666667820e+01
1.359999999999999964e+01
3.278803263759344118e+05
4.690992949823995121e+06
4.235215833333332824e+01
-7.108984166666667193e+01
1.380000000000000071e+01
3.278782520961967530e+05
4.690992383540168405e+06
4.235215555555554801e+01
-7.108986666666667986e+01
1.380000000000000071e+01
3.278761853989752708e+05
4.690992125708715059e+06
4.235214722222222150e+01
-7.108990000000000009e+01
1.400000000000000000e+01
3.278734171640579589e+05
4.690991267848106101e+06
4.235214444444444126e+01
-7.108992499999999382e+01
1.430000000000000071e+01
3.278713504662558553e+05
4.690991010018064640e+06
4.235214166666668234e+01
-7.108994722222222151e+01
1.440000000000000036e+01
3.278695125588122755e+05
4.690990746563896537e+06
4.235213611111111476e+01
-7.108996666666666897e+01
1.440000000000000036e+01
3.278678958585186047e+05
4.690990169033650309e+06
4.235212777777778825e+01
-7.108998888888889667e+01
1.450000000000000000e+01
3.278660427840375341e+05
4.690989288676835597e+06
4.235209722222221984e+01
-7.109001944444443666e+01
1.409999999999999964e+01
3.278634426697640447e+05
4.690985957581075840e+06
4.235207777777778659e+01
-7.109004722222221062e+01
1.390000000000000036e+01
3.278611016780086793e+05
4.690983854668301530e+06
4.235205833333333203e+01
-7.109006944444443832e+01
1.380000000000000071e+01
3.278592182665551081e+05
4.690981740506140515e+06
4.235203888888889878e+01
-7.109009166666668023e+01
1.380000000000000071e+01
3.278573348539849394e+05
4.690979626344463788e+06
4.235202777777778493e+01
-7.109012500000000045e+01
1.369999999999999929e+01
3.278545590277466690e+05
4.690978460039335303e+06
4.235201666666667819e+01
-7.109015833333332068e+01
1.369999999999999929e+01
3.278517832005408709e+05
4.690977293735282496e+06
4.235201944444443711e+01
-7.109019166666665512e+01
1.350000000000000000e+01
3.278490452925660065e+05
4.690977669691147283e+06
4.235201944444443711e+01
-7.109022777777778401e+01
1.350000000000000000e+01
3.278460710096730618e+05
4.690977742821803316e+06
4.235201666666667819e+01
-7.109025833333332400e+01
1.350000000000000000e+01
3.278435467244802276e+05
4.690977496250807308e+06
4.235201666666667819e+01
-7.109028611111111218e+01
1.350000000000000000e+01
3.278412588144545443e+05
4.690977552506841719e+06
4.235201111111111061e+01
-7.109030277777777940e+01
1.369999999999999929e+01
3.278398708995491033e+05
4.690976969357278198e+06
4.235200000000000387e+01
-7.109032500000000709e+01
1.380000000000000071e+01
3.278380102332665119e+05
4.690975780555918813e+06
4.235198888888889712e+01
-7.109034722222222058e+01
1.390000000000000036e+01
3.278361495663444512e+05
4.690974591755035333e+06
4.235197777777779038e+01
-7.109036666666665383e+01
1.390000000000000036e+01
3.278345176899265498e+05
4.690973397328771651e+06
4.235196666666667653e+01
-7.109039166666664755e+01
1.409999999999999964e+01
3.278324282305733068e+05
4.690972214154705405e+06
4.235195833333332871e+01
-7.109041388888888946e+01
1.419999999999999929e+01
3.278305751465637004e+05
4.690971333807026036e+06
4.235195000000000221e+01
-7.109043333333332271e+01
1.419999999999999929e+01
3.278289508533207700e+05
4.690970447833784856e+06
4.235194722222222197e+01
-7.109045833333333064e+01
1.430000000000000071e+01
3.278268841470979387e+05
4.690970190016643144e+06
4.235194166666668281e+01
-7.109048888888889906e+01
1.430000000000000071e+01
3.278243522730420809e+05
4.690969635000694543e+06
4.235193333333332788e+01
-7.109051666666664460e+01
1.440000000000000036e+01
3.278220416046350729e+05
4.690968765907608904e+06
4.235192500000000138e+01
-7.109054444444443277e+01
1.440000000000000036e+01
3.278197309356183978e+05
4.690967896815272048e+06
4.235192222222222114e+01
-7.109057777777778142e+01
1.440000000000000036e+01
3.278169778541137930e+05
4.690967655880060047e+06
4.235191111111111439e+01
-7.109060833333332141e+01
1.469999999999999929e+01
3.278144308071080595e+05
4.690966483964097686e+06
4.235190000000000765e+01
-7.109063888888888982e+01
1.459999999999999964e+01
3.278118837592101190e+05
4.690965312049037777e+06
4.235189166666668115e+01
-7.109065833333332307e+01
1.480000000000000071e+01
3.278102594620365417e+05
4.690964426080029458e+06
4.235189166666668115e+01
-7.109068333333333101e+01
1.490000000000000036e+01
3.278082003388790181e+05
4.690964476720104925e+06
4.235188611111111356e+01
-7.109070833333332473e+01
1.519999999999999929e+01
3.278061260439182515e+05
4.690963910457237624e+06
4.235188333333332622e+01
-7.109073333333333267e+01
1.500000000000000000e+01
3.278040593345857924e+05
4.690963652646751143e+06
4.235187500000000682e+01
-7.109075555555554615e+01
1.490000000000000036e+01
3.278022062444313196e+05
4.690962772306418046e+06
4.235187222222221948e+01
-7.109078055555553988e+01
1.500000000000000000e+01
3.278001395345599740e+05
4.690962514497073367e+06
4.235186388888889297e+01
-7.109080833333332805e+01
1.509999999999999964e+01
3.277978288604370318e+05
4.690961645411830395e+06
4.235185277777778623e+01
-7.109084166666664828e+01
1.490000000000000036e+01
3.277950530161423958e+05
4.690960479129812680e+06
4.235184444444443841e+01
-7.109088611111110367e+01
1.459999999999999964e+01
3.277913695908318041e+05
4.690959643809598871e+06
4.235183611111111190e+01
-7.109092222222221835e+01
1.450000000000000000e+01
3.277883725395484362e+05
4.690958791609211825e+06
4.235181944444443758e+01
-7.109095833333333303e+01
1.419999999999999929e+01
3.277853527270848863e+05
4.690957014054762200e+06
4.235180833333333084e+01
-7.109098611111110699e+01
1.380000000000000071e+01
3.277830344622104312e+05
4.690955836522523314e+06
4.235180555555554349e+01
-7.109101388888889517e+01
1.369999999999999929e+01
3.277807389575238340e+05
4.690955584346348420e+06
4.235179166666667783e+01
-7.109103888888888889e+01
1.359999999999999964e+01
3.277786418960735900e+05
4.690954092736158520e+06
4.235178333333333001e+01
-7.109107222222222333e+01
1.340000000000000036e+01
3.277758736324911006e+05
4.690953234913350083e+06
4.235177222222222326e+01
-7.109109444444443682e+01
1.330000000000000071e+01
3.277740129484648351e+05
4.690952046128525399e+06
4.235176388888889676e+01
-7.109111666666665030e+01
1.330000000000000071e+01
3.277721598511564662e+05
4.690951165795954876e+06
4.235175555555554894e+01
-7.109113611111111197e+01
1.319999999999999929e+01
3.277705355453282828e+05
4.690950279835929163e+06
4.235174722222222243e+01
-7.109116111111110570e+01
1.319999999999999929e+01
3.277684536550925113e+05
4.690949405132242478e+06
4.235174166666667617e+01
-7.109119444444444014e+01
1.330000000000000071e+01
3.277656929758815095e+05
4.690948855765150860e+06
4.235173055555554811e+01
-7.109122777777778879e+01
1.330000000000000071e+01
3.277629171206585015e+05
4.690947689495581202e+06
4.235172222222222160e+01
-7.109126111111110902e+01
1.330000000000000071e+01
3.277601488523501903e+05
4.690946831678864546e+06
4.235171111111111486e+01
-7.109129166666664901e+01
1.340000000000000036e+01
3.277576017874386162e+05
4.690945659783098847e+06
4.235170000000000101e+01
-7.109131666666665694e+01
1.340000000000000036e+01
3.277555123059743783e+05
4.690944476631398313e+06
4.235169166666668161e+01
-7.109134722222222535e+01
1.330000000000000071e+01
3.277529728275608504e+05
4.690943613189051859e+06
4.235168333333332669e+01
-7.109137499999999932e+01
1.340000000000000036e+01
3.277506621407115599e+05
4.690942744119031355e+06
4.235167500000000729e+01
-7.109140555555553931e+01
1.359999999999999964e+01
3.277481226609972073e+05
4.690941880678410642e+06
4.235166388888889344e+01
-7.109143888888888796e+01
1.380000000000000071e+01
3.277453467998018023e+05
4.690940714415648952e+06
4.235165555555554562e+01
-7.109146944444444216e+01
1.380000000000000071e+01
3.277428073186132824e+05
4.690939850976913236e+06
4.235164722222221911e+01
-7.109149444444443589e+01
1.369999999999999929e+01
3.277407254214816494e+05
4.690938976281287149e+06
4.235163888888889261e+01
-7.109152222222222406e+01
1.380000000000000071e+01
3.277384147314092261e+05
4.690938107215225697e+06
4.235163055555554479e+01
-7.109154999999999802e+01
1.380000000000000071e+01
3.277361040407354012e+05
4.690937238149910234e+06
4.235162222222221828e+01
-7.109157777777778620e+01
1.380000000000000071e+01
3.277337933494520839e+05
4.690936369085343555e+06
4.235161388888889888e+01
-7.109160277777777992e+01
1.380000000000000071e+01
3.277317114500516909e+05
4.690935494392339140e+06
4.235160555555554396e+01
-7.109162500000000762e+01
1.369999999999999929e+01
3.277298583426176920e+05
4.690934614070692100e+06
4.235159722222221745e+01
-7.109164722222222110e+01
1.369999999999999929e+01
3.277280052347028395e+05
4.690933733749522828e+06
4.235158611111111071e+01
-7.109167222222221483e+01
1.380000000000000071e+01
3.277259157443730510e+05
4.690932550606422126e+06
4.235157500000000397e+01
-7.109169722222222276e+01
1.390000000000000036e+01
3.277238262533182278e+05
4.690931367463924922e+06
4.235156388888889722e+01
-7.109171388888888998e+01
1.400000000000000000e+01
3.277224231395428069e+05
4.690930167433560826e+06
4.235155833333332964e+01
-7.109173888888889792e+01
1.400000000000000000e+01
3.277203488263527397e+05
4.690929601195620373e+06
4.235155000000000314e+01
-7.109176388888889164e+01
1.409999999999999964e+01
3.277182669231145410e+05
4.690928726506511681e+06
4.235154166666667663e+01
-7.109178611111110513e+01
1.440000000000000036e+01
3.277164138120813295e+05
4.690927846188329160e+06
4.235153611111110905e+01
-7.109181111111111306e+01
1.469999999999999929e+01
3.277143394976378768e+05
4.690927279952137731e+06
4.235153055555554857e+01
-7.109183333333332655e+01
1.480000000000000071e+01
3.277124939756177482e+05
4.690926708086745813e+06
4.235153055555554857e+01
-7.109186111111111472e+01
1.480000000000000071e+01
3.277102060477231862e+05
4.690926764385120943e+06
4.235152500000000231e+01
-7.109188611111110845e+01
1.500000000000000000e+01
3.277081317323636613e+05
4.690926198150745593e+06
4.235151944444443473e+01
-7.109191111111111638e+01
1.509999999999999964e+01
3.277060574166415026e+05
4.690925631916971877e+06
4.235151666666667580e+01
-7.109193888888889035e+01
1.519999999999999929e+01
3.277037618980165571e+05
4.690925379765667021e+06
4.235151388888889556e+01
-7.109196388888889828e+01
1.519999999999999929e+01
3.277016951720388024e+05
4.690925121984948404e+06
4.235151111111111533e+01
-7.109199722222221851e+01
1.509999999999999964e+01
3.276989420672922861e+05
4.690924881095525809e+06
4.235150555555554774e+01
-7.109202777777775850e+01
1.490000000000000036e+01
3.276964101645344635e+05
4.690924326125075109e+06
4.235149722222222124e+01
-7.109205277777776644e+01
1.469999999999999929e+01
3.276943282564088004e+05
4.690923451442952268e+06
4.235148888888889473e+01
-7.109208611111111509e+01
1.490000000000000036e+01
3.276915599689066294e+05
4.690922593652843498e+06
4.235148611111111450e+01
-7.109212500000001000e+01
1.480000000000000071e+01
3.276883492766991840e+05
4.690922364028521813e+06
4.235148333333332715e+01
-7.109216388888889071e+01
1.469999999999999929e+01
3.276851385842001182e+05
4.690922134405665100e+06
4.235147777777778799e+01
-7.109219722222222515e+01
1.469999999999999929e+01
3.276823778861182509e+05
4.690921585070922039e+06
4.235146944444444017e+01
-7.109223333333332562e+01
1.459999999999999964e+01
3.276793808031640365e+05
4.690920732916343026e+06
4.235146388888889391e+01
-7.109226388888889403e+01
1.440000000000000036e+01
3.276768488970032195e+05
4.690920177952875383e+06
4.235145555555554608e+01
-7.109229166666665378e+01
1.419999999999999929e+01
3.276745381918675266e+05
4.690919308907493018e+06
4.235145000000000692e+01
-7.109232222222222219e+01
1.409999999999999964e+01
3.276720062847192166e+05
4.690918753945752047e+06
4.235144166666668042e+01
-7.109235555555554242e+01
1.409999999999999964e+01
3.276692379922035616e+05
4.690917896164335310e+06
4.235143611111111284e+01
-7.109239166666665710e+01
1.419999999999999929e+01
3.276662484977534041e+05
4.690917352467071265e+06
4.235143333333332549e+01
-7.109241944444443106e+01
1.419999999999999929e+01
3.276639529743027524e+05
4.690917100328687578e+06
4.235142500000000609e+01
-7.109244722222221924e+01
1.419999999999999929e+01
3.276616422663525445e+05
4.690916231287486851e+06
4.235142222222221875e+01
-7.109247222222222717e+01
1.400000000000000000e+01
3.276595755354828434e+05
4.690915973519075662e+06
4.235141388888889225e+01
-7.109250000000000114e+01
1.400000000000000000e+01
3.276572648265516618e+05
4.690915104479293339e+06
4.235140833333333177e+01
-7.109252777777776089e+01
1.419999999999999929e+01
3.276549617094537825e+05
4.690914543892038986e+06
4.235139722222221792e+01
-7.109255833333332930e+01
1.430000000000000071e+01
3.276524146135905175e+05
4.690913372033713385e+06
4.235138055555554359e+01
-7.109258611111111748e+01
1.440000000000000036e+01
3.276500811248759273e+05
4.690911577640892006e+06
4.235136388888889769e+01
-7.109261944444443770e+01
1.440000000000000036e+01
3.276472900481513934e+05
4.690909794512636960e+06
4.235135833333333011e+01
-7.109265277777775793e+01
1.469999999999999929e+01
3.276445293415166670e+05
4.690909245192586444e+06
4.235135277777778384e+01
-7.109268611111110658e+01
1.490000000000000036e+01
3.276417686343897367e+05
4.690908695873614401e+06
4.235134444444443602e+01
-7.109270833333333428e+01
1.509999999999999964e+01
3.276399155075609451e+05
4.690907815575254150e+06
4.235133611111110952e+01
-7.109272777777776753e+01
1.519999999999999929e+01
3.276382911737597897e+05
4.690906929645163938e+06
4.235132777777779012e+01
-7.109275277777776125e+01
1.550000000000000000e+01
3.276362092524585314e+05
4.690906054979971610e+06
4.235131944444443519e+01
-7.109278333333332967e+01
1.569999999999999929e+01
3.276336697434732341e+05
4.690905191580077633e+06
4.235131111111110869e+01
-7.109281388888889808e+01
1.590000000000000036e+01
3.276311302338212263e+05
4.690904328181088902e+06
4.235130833333332845e+01
-7.109283888888889180e+01
1.540000000000000036e+01
3.276290634978686576e+05
4.690904070421547629e+06
4.235130000000000194e+01
-7.109286388888889974e+01
1.530000000000000071e+01
3.276269815744450316e+05
4.690903195759041235e+06
4.235129444444443436e+01
-7.109288611111111322e+01
1.509999999999999964e+01
3.276251360378751997e+05
4.690902623916286975e+06
4.235128611111111496e+01
-7.109291388888890140e+01
1.509999999999999964e+01
3.276228253197907470e+05
4.690901754887629300e+06
4.235127500000000111e+01
-7.109293888888889512e+01
1.490000000000000036e+01
3.276207358009173768e+05
4.690900571775151417e+06
4.235126666666668172e+01
-7.109296388888890306e+01
1.490000000000000036e+01
3.276186538753169589e+05
4.690899697115066461e+06
4.235126111111111413e+01
-7.109298611111111654e+01
1.480000000000000071e+01
3.276168083370489185e+05
4.690899125274462625e+06
4.235125555555554655e+01
-7.109301666666665653e+01
1.430000000000000071e+01
3.276142764170441660e+05
4.690898570333251730e+06
4.235125000000000028e+01
-7.109304444444444471e+01
1.390000000000000036e+01
3.276119732904161792e+05
4.690898009759887122e+06
4.235124444444443981e+01
-7.109306666666665819e+01
1.359999999999999964e+01
3.276101277510747313e+05
4.690897437921015546e+06
4.235123611111111330e+01
-7.109309444444443216e+01
1.380000000000000071e+01
3.276078170292061986e+05
4.690896568897208199e+06
4.235122777777778680e+01
-7.109312222222222033e+01
1.369999999999999929e+01
3.276055063067321898e+05
4.690895699874145910e+06
4.235121944444443898e+01
-7.109315277777776032e+01
1.359999999999999964e+01
3.276029667897167383e+05
4.690894836485172622e+06
4.235121111111111247e+01
-7.109317500000000223e+01
1.340000000000000036e+01
3.276011136539365398e+05
4.690893956196847372e+06
4.235120000000000573e+01
-7.109320555555554222e+01
1.330000000000000071e+01
3.275985665408111527e+05
4.690892784357652068e+06
4.235119444444443815e+01
-7.109322777777776992e+01
1.319999999999999929e+01
3.275967209988435498e+05
4.690892212522243150e+06
4.235118888888889188e+01
-7.109325833333332412e+01
1.319999999999999929e+01
3.275941890744010452e+05
4.690891657588181086e+06
4.235118055555554406e+01
-7.109328611111111229e+01
1.319999999999999929e+01
3.275918783484244486e+05
4.690890788569521159e+06
4.235117500000000490e+01
-7.109331666666665228e+01
1.309999999999999964e+01
3.275893464230006794e+05
4.690890233637183905e+06
4.235116944444443732e+01
-7.109335000000000093e+01
1.300000000000000000e+01
3.275865857030053157e+05
4.690889684339622967e+06
4.235116111111111081e+01
-7.109338055555554092e+01
1.309999999999999964e+01
3.275840461811709683e+05
4.690888820957386866e+06
4.235115277777778431e+01
-7.109340833333332910e+01
1.319999999999999929e+01
3.275817354528472060e+05
4.690887951942015439e+06
4.235114444444443649e+01
-7.109343055555554258e+01
1.330000000000000071e+01
3.275798823123487527e+05
4.690887071659180336e+06
4.235113888888889733e+01
-7.109345833333333076e+01
1.330000000000000071e+01
3.275775791786545888e+05
4.690886511096941307e+06
4.235113611111110998e+01
-7.109348611111111893e+01
1.330000000000000071e+01
3.275752836404301925e+05
4.690886258987233043e+06
4.235113611111110998e+01
-7.109351388888889289e+01
1.319999999999999929e+01
3.275729956979833078e+05
4.690886315330062993e+06
4.235113333333332974e+01
-7.109354722222222733e+01
1.300000000000000000e+01
3.275702425709408708e+05
4.690886074490657076e+06
4.235112777777778348e+01
-7.109357500000000130e+01
1.280000000000000071e+01
3.275679394359829603e+05
4.690885513931553811e+06
4.235111944444443566e+01
-7.109360277777776105e+01
1.259999999999999964e+01
3.275656287043220364e+05
4.690884644921405241e+06
4.235111388888889650e+01
-7.109363333333332946e+01
1.250000000000000000e+01
3.275630967741245986e+05
4.690884089998434298e+06
4.235111111111110915e+01
-7.109366111111111763e+01
1.259999999999999964e+01
3.275608012343383743e+05
4.690883837893433869e+06
4.235110833333332891e+01
-7.109369166666665762e+01
1.280000000000000071e+01
3.275582769000001717e+05
4.690883591423979029e+06
4.235110277777778975e+01
-7.109371388888887111e+01
1.300000000000000000e+01
3.275564313518116833e+05
4.690883019599027932e+06
4.235109444444443483e+01
-7.109373611111111302e+01
1.290000000000000036e+01
3.275545782065173844e+05
4.690882139322761446e+06
4.235108611111110832e+01
-7.109376388888887277e+01
1.300000000000000000e+01
3.275522674718830967e+05
4.690881270316942595e+06
4.235108055555554785e+01
-7.109378611111111468e+01
1.300000000000000000e+01
3.275504219225207926e+05
4.690880698493543081e+06
4.235107222222222134e+01
-7.109381388888887443e+01
1.290000000000000036e+01
3.275481111868363805e+05
4.690879829489069991e+06
4.235106666666667508e+01
-7.109384166666666260e+01
1.269999999999999929e+01
3.275458080477012554e+05
4.690879268937136978e+06
4.235106111111111460e+01
-7.109386944444443657e+01
1.250000000000000000e+01
3.275435049081643810e+05
4.690878708385948092e+06
4.235105000000000075e+01
-7.109389444444444450e+01
1.259999999999999964e+01
3.275414153680638410e+05
4.690877525296573527e+06
4.235104166666668135e+01
-7.109391666666665799e+01
1.259999999999999964e+01
3.275395622192744049e+05
4.690876645024190657e+06
4.235103611111111377e+01
-7.109394166666665171e+01
1.250000000000000000e+01
3.275374878728945041e+05
4.690876078839541413e+06
4.235102499999999992e+01
-7.109397222222222013e+01
1.280000000000000071e+01
3.275349407416243921e+05
4.690874907023005188e+06
4.235101944444443944e+01
-7.109399722222222806e+01
1.300000000000000000e+01
3.275328663942942512e+05
4.690874340839701705e+06
4.235101388888889318e+01
-7.109401944444444155e+01
1.340000000000000036e+01
3.275310208412939683e+05
4.690873769021319225e+06
4.235100277777778643e+01
-7.109405000000000996e+01
1.400000000000000000e+01
3.275284737080094637e+05
4.690872597207081504e+06
4.235099444444443861e+01
-7.109407777777776971e+01
1.419999999999999929e+01
3.275261629666228546e+05
4.690871728209698573e+06
4.235098611111111211e+01
-7.109410555555554367e+01
1.419999999999999929e+01
3.275238522246287321e+05
4.690870859213063493e+06
4.235097500000000537e+01
-7.109412777777777137e+01
1.440000000000000036e+01
3.275219914735005586e+05
4.690869670493423007e+06
4.235096666666667886e+01
-7.109415277777776510e+01
1.450000000000000000e+01
3.275199095251270337e+05
4.690868795862091705e+06
4.235096111111111128e+01
-7.109417222222222676e+01
1.459999999999999964e+01
3.275182927643519361e+05
4.690868218410956673e+06
4.235095833333333104e+01
-7.109418888888887977e+01
1.480000000000000071e+01
3.275169123966090265e+05
4.690867943775842898e+06
4.235095277777778477e+01
-7.109421111111112168e+01
1.490000000000000036e+01
3.275150668404377066e+05
4.690867371961581521e+06
4.235094444444443695e+01
-7.109422777777776048e+01
1.519999999999999929e+01
3.275136712752842577e+05
4.690866480423505418e+06
4.235093333333333021e+01
-7.109424722222222215e+01
1.550000000000000000e+01
3.275120393161730608e+05
4.690865286070197821e+06
4.235093055555554287e+01
-7.109426666666665540e+01
1.550000000000000000e+01
3.275104301525498740e+05
4.690865017072632909e+06
4.235093055555554287e+01
-7.109429444444444357e+01
1.550000000000000000e+01
3.275081422025262145e+05
4.690865073436453938e+06
4.235092777777778394e+01
-7.109432500000001198e+01
1.540000000000000036e+01
3.275056178586052265e+05
4.690864826985728927e+06
4.235092777777778394e+01
-7.109435000000000571e+01
1.530000000000000071e+01
3.275035587034865166e+05
4.690864877714548260e+06
4.235092500000000371e+01
-7.109438611111112039e+01
1.569999999999999929e+01
3.275005767691960791e+05
4.690864642538784072e+06
4.235091944444443612e+01
-7.109441111111111411e+01
1.559999999999999964e+01
3.274985024155710125e+05
4.690864076365491375e+06
4.235091388888889696e+01
-7.109443611111112205e+01
1.580000000000000071e+01
3.274964280615772586e+05
4.690863510192806832e+06
4.235091388888889696e+01
-7.108334722222221558e+01
1.600000000000000000e+01
3.284097776578965713e+05
4.690841067712496035e+06
4.235091666666667720e+01
-7.108336944444444327e+01
1.619999999999999929e+01
3.284079548576901434e+05
4.690841421019743197e+06
4.235091666666667720e+01
-7.108339722222221724e+01
1.630000000000000071e+01
3.284056669086510083e+05
4.690841477089984342e+06
4.235090555555554204e+01
-7.108342777777775723e+01
1.610000000000000142e+01
3.284031199274531100e+05
4.690840304961740971e+06
4.235089444444443529e+01
-7.108345277777776516e+01
1.590000000000000036e+01
3.284010305353397853e+05
4.690839121619965881e+06
4.235087777777778939e+01
-7.108347222222222683e+01
1.569999999999999929e+01
3.283993836136132013e+05
4.690837310161070898e+06
4.235085833333332772e+01
-7.108349444444444032e+01
1.550000000000000000e+01
3.283975003364006989e+05
4.690835195858266205e+06
4.235083888888889447e+01
-7.108351666666665380e+01
1.540000000000000036e+01
3.283956170580756152e+05
4.690833081555943936e+06
4.235082222222222015e+01
-7.108353611111111547e+01
1.519999999999999929e+01
3.283939701335868449e+05
4.690831270098252222e+06
4.235080555555556714e+01
-7.108355555555554872e+01
1.509999999999999964e+01
3.283923232082696632e+05
4.690829458640930243e+06
4.235079444444443908e+01
-7.108357777777776221e+01
1.509999999999999964e+01
3.283904626064229524e+05
4.690828269694694318e+06
4.235077777777778607e+01
-7.108359444444444364e+01
1.500000000000000000e+01
3.283890444749196176e+05
4.690826452630564570e+06
4.235076388888889198e+01
-7.108360555555555038e+01
1.490000000000000036e+01
3.283880914935830515e+05
4.690824932803035714e+06
4.235075277777778524e+01
-7.108361944444443736e+01
1.490000000000000036e+01
3.283869172763252864e+05
4.690823727034874260e+06
4.235074444444443742e+01
-7.108364444444443109e+01
1.469999999999999929e+01
3.283848354365765117e+05
4.690822852149322629e+06
4.235073611111111092e+01
-7.108366666666665878e+01
1.450000000000000000e+01
3.283829823918436887e+05
4.690821971656588838e+06
4.235072777777778441e+01
-7.108369722222222720e+01
1.419999999999999929e+01
3.283804429598455317e+05
4.690821107987899333e+06
4.235072500000000417e+01
-7.108373611111110790e+01
1.390000000000000036e+01
3.283772322611183627e+05
4.690820878047171049e+06
4.235071111111111009e+01
-7.108376388888889608e+01
1.359999999999999964e+01
3.283749065025382442e+05
4.690819391869304702e+06
4.235070555555557092e+01
-7.108379722222221631e+01
1.319999999999999929e+01
3.283721458334201016e+05
4.690818842263212427e+06
4.235070000000000334e+01
-7.108382777777775630e+01
1.300000000000000000e+01
3.283696139595092973e+05
4.690818287049970590e+06
4.235069444444443576e+01
-7.108385833333332471e+01
1.269999999999999929e+01
3.283670820851495373e+05
4.690817731837632135e+06
4.235068888888889660e+01
-7.108389722222221963e+01
1.259999999999999964e+01
3.283638638231286895e+05
4.690817193451383151e+06
4.235068333333332902e+01
-7.108393055555553985e+01
1.259999999999999964e+01
3.283611031520581455e+05
4.690816643849589862e+06
4.235067500000000251e+01
-7.108395833333332803e+01
1.280000000000000071e+01
3.283587925108498312e+05
4.690815774580129422e+06
4.235066944444443493e+01
-7.108398611111111620e+01
1.259999999999999964e+01
3.283564894303392502e+05
4.690815213763006032e+06
4.235066388888889577e+01
-7.108401111111110993e+01
1.250000000000000000e+01
3.283544151452583028e+05
4.690814647337919101e+06
4.235065555555556926e+01
-7.108403888888889810e+01
1.250000000000000000e+01
3.283521045024615014e+05
4.690813778070623986e+06
4.235065555555556926e+01
-7.108406944444443809e+01
1.200000000000000000e+01
3.283495877479875926e+05
4.690813839767717756e+06
4.235065000000000168e+01
-7.108409722222222626e+01
1.169999999999999929e+01
3.283472846659583738e+05
4.690813278953580186e+06
4.235064166666667518e+01
-7.108411944444443975e+01
1.150000000000000000e+01
3.283454316135400441e+05
4.690812398470581509e+06
4.235063333333332736e+01
-7.108414166666665324e+01
1.150000000000000000e+01
3.283435785606406280e+05
4.690811517988057807e+06
4.235062777777778820e+01
-7.108416666666666117e+01
1.140000000000000036e+01
3.283415042732388247e+05
4.690810951566733420e+06
4.235061944444443327e+01
-7.108420000000000982e+01
1.150000000000000000e+01
3.283387360354419798e+05
4.690810093522038311e+06
4.235060833333332653e+01
-7.108423611111111029e+01
1.140000000000000036e+01
3.283357314386903308e+05
4.690808932636139914e+06
4.235060000000000002e+01
-7.108426944444444473e+01
1.119999999999999929e+01
3.283329631992887007e+05
4.690808074593688361e+06
4.235059444444443244e+01
-7.108429999999999893e+01
1.109999999999999964e+01
3.283304313176885480e+05
4.690807519394412637e+06
4.235058888888889328e+01
-7.108433055555555313e+01
1.090000000000000036e+01
3.283278994356416515e+05
4.690806964196042158e+06
4.235058333333332570e+01
-7.108435555555554686e+01
1.069999999999999929e+01
3.283258251454068231e+05
4.690806397779285908e+06
4.235057777777778654e+01
-7.108438055555554058e+01
1.069999999999999929e+01
3.283237508548053447e+05
4.690805831363135949e+06
4.235057499999999919e+01
-7.108440833333332876e+01
1.050000000000000000e+01
3.283214553304946749e+05
4.690805579008959234e+06
4.235056666666667979e+01
-7.108443888888886875e+01
1.030000000000000071e+01
3.283189158839402953e+05
4.690804715362197720e+06
4.235056111111111221e+01
-7.108446666666665692e+01
1.030000000000000071e+01
3.283166127959705191e+05
4.690804154557992704e+06
4.235054444444443789e+01
-7.108449722222222533e+01
1.019999999999999929e+01
3.283140506587902782e+05
4.690802365558167920e+06
4.235053333333332404e+01
-7.108452777777776532e+01
1.009999999999999964e+01
3.283115036467934260e+05
4.690801193462437950e+06
4.235051944444443706e+01
-7.108455277777775905e+01
1.030000000000000071e+01
3.283094066632729373e+05
4.690799701695665717e+06
4.235050833333333031e+01
-7.108457777777776698e+01
1.069999999999999929e+01
3.283073172422822099e+05
4.690798518381093629e+06
4.235050000000000381e+01
-7.108460277777776071e+01
1.100000000000000000e+01
3.283052353840867290e+05
4.690797643518721685e+06
4.235048888888889707e+01
-7.108462777777776864e+01
1.119999999999999929e+01
3.283031459617393557e+05
4.690796460205358453e+06
4.235047777777778322e+01
-7.108465277777776237e+01
1.150000000000000000e+01
3.283010565386689268e+05
4.690795276892598718e+06
4.235046944444443540e+01
-7.108468333333333078e+01
1.180000000000000071e+01
3.282985170855707256e+05
4.690794413253059611e+06
4.235046666666667647e+01
-7.108470833333332450e+01
1.209999999999999964e+01
3.282964503527574125e+05
4.690794155296432786e+06
4.235046388888889624e+01
-7.108473055555555220e+01
1.230000000000000071e+01
3.282946124163251370e+05
4.690793891729759052e+06
4.235045833333332865e+01
-7.108475833333332616e+01
1.230000000000000071e+01
3.282923093224982731e+05
4.690793330933393911e+06
4.235045555555556973e+01
-7.108478055555555386e+01
1.240000000000000036e+01
3.282904713856381131e+05
4.690793067367798649e+06
4.235045555555556973e+01
-7.108479722222222108e+01
1.219999999999999929e+01
3.282890986060517607e+05
4.690793101032611914e+06
4.235045277777778239e+01
-7.108481666666665433e+01
1.209999999999999964e+01
3.282874894655767130e+05
4.690792831856971607e+06
4.235045555555556973e+01
-7.108486111111110972e+01
1.130000000000000071e+01
3.282838362842922797e+05
4.690793230083561502e+06
4.235045555555556973e+01
-7.108488333333333742e+01
1.140000000000000036e+01
3.282820059115000186e+05
4.690793274971775711e+06
4.235045555555556973e+01
-7.108490555555555090e+01
1.119999999999999929e+01
3.282801755387074081e+05
4.690793319860469550e+06
4.235045555555556973e+01
-7.108493333333332487e+01
1.119999999999999929e+01
3.282778875727116829e+05
4.690793375972009264e+06
4.235045833333332865e+01
-7.108495555555555256e+01
1.140000000000000036e+01
3.282760647647070000e+05
4.690793729313379154e+06
4.235045833333332865e+01
-7.108497500000000002e+01
1.150000000000000000e+01
3.282744631885781419e+05
4.690793768592322245e+06
4.235045555555556973e+01
-7.108499722222222772e+01
1.159999999999999964e+01
3.282726252509073820e+05
4.690793505031392910e+06
4.235045277777778239e+01
-7.108501944444444121e+01
1.169999999999999929e+01
3.282707873130752705e+05
4.690793241470938548e+06
4.235045277777778239e+01
-7.108504444444443493e+01
1.190000000000000036e+01
3.282687281435751356e+05
4.690793291974052787e+06
4.235045277777778239e+01
-7.108505833333333612e+01
1.200000000000000000e+01
3.282675841605168534e+05
4.690793320031600073e+06
4.235045555555556973e+01
-7.108507500000000334e+01
1.200000000000000000e+01
3.282662189460762311e+05
4.690793662152506411e+06
